,Name and Num,file date,Facility ID,file_year,file_month,General Info,General Info,General Info,General Info,General Info,General Info,General Info,General Info,General Info,General Info,General Info,General Info,General Info,General Info,General Info,General Info,General Info,General Info,General Info,HAC,HAC,HAC,HAC,HAC,HAC,HAC,HAC,HAC,HAC,HAC,HAC,HAC,HAC,HAC,HAC,HAC,HAC,HAC,HAC,HAC,HAC,HAC,Unplanned Visits,Unplanned Visits,Unplanned Visits,Unplanned Visits,Unplanned Visits,Unplanned Visits,Unplanned Visits,Unplanned Visits,Unplanned Visits,Unplanned Visits,Unplanned Visits,Unplanned Visits,Unplanned Visits,Unplanned Visits,Unplanned Visits,Unplanned Visits,Unplanned Visits,Unplanned Visits,Unplanned Visits,Unplanned Visits,Unplanned Visits,Unplanned Visits,Unplanned Visits,Unplanned Visits,Unplanned Visits,Unplanned Visits,Unplanned Visits,Unplanned Visits,Unplanned Visits,Unplanned Visits,Unplanned Visits,Unplanned Visits,Unplanned Visits,Unplanned Visits,Unplanned Visits,Unplanned Visits,Unplanned Visits,Unplanned Visits,Unplanned Visits,Unplanned Visits,Unplanned Visits,Unplanned Visits,Unplanned Visits,Unplanned Visits,Unplanned Visits,Unplanned Visits,Unplanned Visits,Unplanned Visits,Unplanned Visits,Unplanned Visits,Unplanned Visits,Unplanned Visits,Unplanned Visits,Unplanned Visits,Unplanned Visits,Unplanned Visits,Unplanned Visits,Unplanned Visits,Unplanned Visits,Unplanned Visits,HVBP Clinical Outcomes,HVBP Clinical Outcomes,HVBP Clinical Outcomes,HVBP Clinical Outcomes,HVBP Clinical Outcomes,HVBP Clinical Outcomes,HVBP Clinical Outcomes,HVBP Clinical Outcomes,HVBP Clinical Outcomes,HVBP Clinical Outcomes,HVBP Clinical Outcomes,HVBP Clinical Outcomes,HVBP Clinical Outcomes,HVBP Clinical Outcomes,HVBP Clinical Outcomes,HVBP Clinical Outcomes,HVBP Clinical Outcomes,HVBP Clinical Outcomes,HVBP Clinical Outcomes,HVBP Clinical Outcomes,HVBP Clinical Outcomes,HVBP Clinical Outcomes,HVBP Clinical Outcomes,HVBP Clinical Outcomes,HVBP Clinical Outcomes,HVBP Clinical Outcomes,HVBP Clinical Outcomes,HVBP Clinical Outcomes,HVBP Clinical Outcomes,HVBP Clinical Outcomes,HVBP Clinical Outcomes,HVBP Clinical Outcomes,HVBP Clinical Outcomes,HVBP Clinical Outcomes,HVBP Clinical Outcomes,HVBP Clinical Outcomes,HVBP Clinical Outcomes,HVBP Clinical Outcomes,HVBP Clinical Outcomes,HVBP Clinical Outcomes,HVBP Clinical Outcomes,HVBP Clinical Outcomes,HVBP Clinical Outcomes,HVBP Clinical Outcomes,HVBP Clinical Outcomes,HVBP Clinical Outcomes,HVBP Clinical Outcomes,HVBP Clinical Outcomes,HVBP Clinical Outcomes,HVBP Clinical Outcomes,HVBP Clinical Outcomes,HVBP Clinical Outcomes,HVBP Clinical Outcomes,HVBP Clinical Outcomes,HVBP Clinical Outcomes,HVBP Clinical Outcomes,HVBP Clinical Outcomes,HVBP Clinical Outcomes,HVBP Clinical Outcomes,HVBP Clinical Outcomes,HVBP Clinical Outcomes,HVBP Clinical Outcomes,HVBP Clinical Outcomes,HVBP Clinical Outcomes,HVBP Clinical Outcomes,HVBP Efficiency,HVBP Efficiency,HVBP Efficiency,HVBP Efficiency,HVBP Efficiency,HVBP Efficiency,HVBP Efficiency,HVBP Efficiency,HVBP Safety,HVBP Safety,HVBP Safety,HVBP Safety,HVBP Safety,HVBP Safety,HVBP Safety,HVBP Safety,HVBP Safety,HVBP Safety,HVBP Safety,HVBP Safety,HVBP Safety,HVBP Safety,HVBP Safety,HVBP Safety,HVBP Safety,HVBP Safety,HVBP Safety,HVBP Safety,HVBP Safety,HVBP Safety,HVBP Safety,HVBP Safety,HVBP Safety,HVBP Safety,HVBP Safety,HVBP Safety,HVBP Safety,HVBP Safety,HVBP Safety,HVBP Safety,HVBP Safety,HVBP Safety,HVBP Safety,HVBP Safety,HVBP Safety,HVBP Safety,HVBP Safety,HVBP Safety,HVBP Safety,HVBP Safety,HVBP Safety,HVBP Safety,HVBP Safety,HVBP Safety,HVBP Safety,HVBP Safety,HVBP Safety,HVBP Safety,HVBP Safety,HVBP Safety,HVBP Safety,HVBP Safety,HVBP Safety,HVBP Safety,HVBP Safety,HVBP Safety,HVBP Safety,HVBP Safety,HVBP Safety,HVBP Safety,HVBP Safety,HVBP Safety,HVBP Safety,HVBP Safety,HVBP Safety,HVBP Safety,HVBP Safety,HVBP Safety,HVBP Safety,HVBP Safety,HVBP Safety,HVBP Safety,HVBP Safety,HVBP Safety,HVBP Safety,HVBP Safety,HVBP Safety,HVBP Safety,HVBP Safety,HVBP Safety,HVBP Safety,HVBP Safety,HVBP Safety,HVBP Total Performance,HVBP Total Performance,HVBP Total Performance,HVBP Total Performance,HVBP Total Performance,HVBP Total Performance,HVBP Total Performance,HVBP Total Performance,HVBP Total Performance,HVBP Total Performance,HVBP Total Performance,HVBP Total Performance,HVBP Total Performance,HVBP Total Performance,HVBP Total Performance,HVBP Total Performance,HVBP Total Performance,HVBP Total Performance,HVBP Total Performance,HVBP Total Performance,HVBP Total Performance,HVBP Total Performance,HVBP Total Performance,HVBP Total Performance,HVBP Total Performance,HVBP Total Performance,HVBP Total Performance,HVBP Total Performance,HVBP Total Performance,HVBP HCAHPS,HVBP HCAHPS,HVBP HCAHPS,HVBP HCAHPS,HVBP HCAHPS,HVBP HCAHPS,HVBP HCAHPS,HVBP HCAHPS,HVBP HCAHPS,HVBP HCAHPS,HVBP HCAHPS,HVBP HCAHPS,HVBP HCAHPS,HVBP HCAHPS,HVBP HCAHPS,HVBP HCAHPS,HVBP HCAHPS,HVBP HCAHPS,HVBP HCAHPS,HVBP HCAHPS,HVBP HCAHPS,HVBP HCAHPS,HVBP HCAHPS,HVBP HCAHPS,HVBP HCAHPS,HVBP HCAHPS,HVBP HCAHPS,HVBP HCAHPS,HVBP HCAHPS,HVBP HCAHPS,HVBP HCAHPS,HVBP HCAHPS,HVBP HCAHPS,HVBP HCAHPS,HVBP HCAHPS,HVBP HCAHPS,HVBP HCAHPS,HVBP HCAHPS,HVBP HCAHPS,HVBP HCAHPS,HVBP HCAHPS,HVBP HCAHPS,HVBP HCAHPS,HVBP HCAHPS,HVBP HCAHPS,HVBP HCAHPS,HVBP HCAHPS,HVBP HCAHPS,HVBP HCAHPS,HVBP HCAHPS,HVBP HCAHPS,HVBP HCAHPS,HVBP HCAHPS,HVBP HCAHPS,HVBP HCAHPS,HVBP HCAHPS,HVBP HCAHPS,HVBP HCAHPS,HVBP HCAHPS,HVBP HCAHPS,HVBP HCAHPS,HVBP HCAHPS,HVBP HCAHPS,HVBP HCAHPS,HVBP HCAHPS,HVBP HCAHPS,HVBP HCAHPS,HVBP HCAHPS,HVBP HCAHPS,HVBP HCAHPS,HVBP HCAHPS,HVBP HCAHPS,HVBP HCAHPS,HVBP HCAHPS,HVBP HCAHPS,Outpatient Imaging Efficiency,Outpatient Imaging Efficiency,Outpatient Imaging Efficiency,Outpatient Imaging Efficiency,Outpatient Imaging Efficiency,Outpatient Imaging Efficiency,Outpatient Imaging Efficiency,Payment and Value of Care,Payment and Value of Care,Payment and Value of Care,Payment and Value of Care,Payment and Value of Care,Payment and Value of Care,Payment and Value of Care,Payment and Value of Care,Payment and Value of Care,Payment and Value of Care,Payment and Value of Care,Payment and Value of Care,Payment and Value of Care,Payment and Value of Care,Payment and Value of Care,Payment and Value of Care,Payment and Value of Care,Payment and Value of Care,Payment and Value of Care,Payment and Value of Care,Payment and Value of Care,Payment and Value of Care,Payment and Value of Care,Payment and Value of Care,Payment and Value of Care,Payment and Value of Care,Payment and Value of Care,Payment and Value of Care,Complications & Death,Complications & Death,Complications & Death,Complications & Death,Complications & Death,Complications & Death,Complications & Death,Complications & Death,Complications & Death,Complications & Death,Complications & Death,Complications & Death,Complications & Death,Complications & Death,Complications & Death,Complications & Death,Complications & Death,Complications & Death,Complications & Death,Complications & Death,Complications & Death,Complications & Death,Complications & Death,Complications & Death,Complications & Death,Complications & Death,Complications & Death,Complications & Death,Complications & Death,Complications & Death,Complications & Death,Complications & Death,Complications & Death,Complications & Death,Complications & Death,Complications & Death,Complications & Death,Complications & Death,Complications & Death,Complications & Death,Complications & Death,Complications & Death,Complications & Death,Complications & Death,Complications & Death,Complications & Death,Complications & Death,Complications & Death,Complications & Death,Complications & Death,Complications & Death,Complications & Death,Complications & Death,Complications & Death,Complications & Death,Timely and Effective Care,Timely and Effective Care,Timely and Effective Care,Timely and Effective Care,Timely and Effective Care,Timely and Effective Care,Timely and Effective Care,Timely and Effective Care,Timely and Effective Care,Timely and Effective Care,Timely and Effective Care,Timely and Effective Care,Timely and Effective Care,Timely and Effective Care,Timely and Effective Care,Timely and Effective Care,Timely and Effective Care,Timely and Effective Care,Timely and Effective Care,Timely and Effective Care,Timely and Effective Care,Timely and Effective Care,Timely and Effective Care,Timely and Effective Care,Timely and Effective Care,Timely and Effective Care,Timely and Effective Care,Timely and Effective Care,Timely and Effective Care,Timely and Effective Care,Timely and Effective Care,Timely and Effective Care,Timely and Effective Care,Timely and Effective Care,Timely and Effective Care,Timely and Effective Care,Timely and Effective Care,Timely and Effective Care,Timely and Effective Care,Timely and Effective Care,Timely and Effective Care,Timely and Effective Care,Timely and Effective Care,Timely and Effective Care,Timely and Effective Care,Timely and Effective Care,Timely and Effective Care,Timely and Effective Care,Timely and Effective Care,Timely and Effective Care,Timely and Effective Care,Timely and Effective Care,Timely and Effective Care,Timely and Effective Care,Timely and Effective Care,Timely and Effective Care,Timely and Effective Care,Timely and Effective Care,Timely and Effective Care,Timely and Effective Care,Timely and Effective Care,Timely and Effective Care,Timely and Effective Care,Timely and Effective Care,Timely and Effective Care,Timely and Effective Care,Timely and Effective Care,Timely and Effective Care,Timely and Effective Care,Timely and Effective Care,Timely and Effective Care,Timely and Effective Care,Timely and Effective Care,Timely and Effective Care,Timely and Effective Care,Timely and Effective Care,Timely and Effective Care,Timely and Effective Care,Timely and Effective Care,Timely and Effective Care,Timely and Effective Care,Timely and Effective Care,Timely and Effective Care,Timely and Effective Care,Timely and Effective Care,Timely and Effective Care,Timely and Effective Care,Timely and Effective Care,Timely and Effective Care,Timely and Effective Care,Timely and Effective Care,Timely and Effective Care,Timely and Effective Care,Timely and Effective Care,Timely and Effective Care,Timely and Effective Care,Timely and Effective Care,Timely and Effective Care,Timely and Effective Care,Timely and Effective Care,Timely and Effective Care,Timely and Effective Care,Timely and Effective Care,Timely and Effective Care,Timely and Effective Care,Timely and Effective Care,Timely and Effective Care,Timely and Effective Care,Timely and Effective Care,Timely and Effective Care,Timely and Effective Care,Timely and Effective Care,Timely and Effective Care,Timely and Effective Care,Timely and Effective Care,Timely and Effective Care,Timely and Effective Care,Timely and Effective Care,Timely and Effective Care,Timely and Effective Care,Timely and Effective Care,Timely and Effective Care,Timely and Effective Care,Timely and Effective Care,Timely and Effective Care,Timely and Effective Care,Timely and Effective Care,Timely and Effective Care,Timely and Effective Care,Timely and Effective Care,Timely and Effective Care,Timely and Effective Care,Timely and Effective Care,Timely and Effective Care,Timely and Effective Care,Timely and Effective Care,Timely and Effective Care,Timely and Effective Care,Timely and Effective Care,Timely and Effective Care,Timely and Effective Care,Timely and Effective Care,Timely and Effective Care,Timely and Effective Care,Timely and Effective Care,HCAHPS,HCAHPS,HCAHPS,HCAHPS,HCAHPS,HCAHPS,HCAHPS,HCAHPS,HCAHPS,HCAHPS,HCAHPS,HCAHPS,HCAHPS,HCAHPS,HCAHPS,HCAHPS,HCAHPS,HCAHPS,HCAHPS,HCAHPS,HCAHPS,HCAHPS,HCAHPS,HCAHPS,HCAHPS,HCAHPS,HCAHPS,HCAHPS,HCAHPS,HCAHPS,HCAHPS,HCAHPS,HCAHPS,HCAHPS,HCAHPS,HCAHPS,HCAHPS,HCAHPS,HCAHPS,HCAHPS,HCAHPS,HCAHPS,HCAHPS,HCAHPS,HCAHPS,HCAHPS,HCAHPS,HCAHPS,HCAHPS,HCAHPS,HCAHPS,HCAHPS,HCAHPS,HCAHPS,HCAHPS,HCAHPS,HCAHPS,HCAHPS,HCAHPS,HCAHPS,HCAHPS,HCAHPS,HCAHPS,HCAHPS,HCAHPS,HCAHPS,HCAHPS,HCAHPS,HCAHPS,HCAHPS,HCAHPS,HCAHPS,HCAHPS,HCAHPS,HCAHPS,HCAHPS,HCAHPS,HCAHPS,HCAHPS,HCAHPS,HCAHPS,HCAHPS,HCAHPS,HCAHPS,HCAHPS,HCAHPS,HCAHPS,HCAHPS,HCAHPS,HCAHPS,HCAHPS,HCAHPS,HCAHPS,HCAHPS,HCAHPS,HCAHPS,HCAHPS,HCAHPS,HCAHPS,HCAHPS,HCAHPS,HCAHPS,HCAHPS,HAI,HAI,HAI,HAI,HAI,HAI,HAI,HAI,HAI,HAI,HAI,HAI,HAI,HAI,HAI,HAI,HAI,HAI,HAI,HAI,HAI,HAI,HAI,HAI,HAI,HAI,HAI,HRRP,HRRP,HRRP,HRRP,HRRP,HRRP,HRRP,HRRP,HRRP,HRRP,HRRP,HRRP,HRRP,HRRP,HRRP,HRRP,HRRP,HRRP,HRRP,HRRP,HRRP,HRRP,HRRP,HRRP,HRRP,HRRP,HRRP,HRRP,HRRP,HRRP,HRRP,HRRP,HRRP,HRRP,HRRP,HRRP
,Name and Num,file date,Facility ID,file_year,file_month,Facility Name,Address,City,County,State,ZIP Code,Effectiveness of Care National Comparison,Efficient Use of Medical Imaging National Comparison,Emergency Services,Hospital Ownership,Hospital Type,Hospital overall rating,Meets Criteria for Meaningful Use of EHRs,Meets criteria for promoting interoperability of EHRs,Mortality National Comparison,Patient Experience National Comparison,Readmission National Comparison,Safety of Care National Comparison,Timeliness of Care National Comparison,AHRQ PSI-90 Score,PSI-90,PSI-90 W Z Score,CAUTI SIR,CAUTI Score,CAUTI W Z Score,CDI SIR,CDI Score,CDI W Z Score,CLABSI SIR,CLABSI Score,CLABSI W Z Score,Domain 1 Score,Domain 2 Score,MRSA SIR,MRSA Score,MRSA W Z Score,SSI SIR,SSI Score,SSI W Z Score,Total HAC Score,Payment Reduction,Fiscal Year,EDAC-30 AMI — Hospital return days for AMI patients (Denominator),EDAC-30 AMI — Hospital return days for AMI patients (Number of Patients),EDAC-30 AMI — Hospital return days for AMI patients (Number of Patients Returned),EDAC-30 AMI — Hospital return days for AMI patients (Score),EDAC-30 HF — Hospital return days for HF patients (Denominator),EDAC-30 HF — Hospital return days for HF patients (Number of Patients),EDAC-30 HF — Hospital return days for HF patients (Number of Patients Returned),EDAC-30 HF — Hospital return days for HF patients (Score),EDAC-30 PN — Hospital return days for PN patients (Denominator),EDAC-30 PN — Hospital return days for PN patients (Number of Patients),EDAC-30 PN — Hospital return days for PN patients (Number of Patients Returned),EDAC-30 PN — Hospital return days for PN patients (Score),OP-32 — Rate of unplanned visits after colonoscopy (per 1K) (Denominator),OP-32 — Rate of unplanned visits after colonoscopy (per 1K) (Number of Patients),OP-32 — Rate of unplanned visits after colonoscopy (per 1K) (Number of Patients Returned),OP-32 — Rate of unplanned visits after colonoscopy (per 1K) (Score),OP-35 ADM — Inpatient admit rate for patients receiving outpatient chemo (Denominator),OP-35 ADM — Inpatient admit rate for patients receiving outpatient chemo (Number of Patients),OP-35 ADM — Inpatient admit rate for patients receiving outpatient chemo (Number of Patients Returned),OP-35 ADM — Inpatient admit rate for patients receiving outpatient chemo (Score),OP-35 ED — ED visit rate for patients receiving outpatient chemo (Denominator),OP-35 ED — ED visit rate for patients receiving outpatient chemo (Number of Patients),OP-35 ED — ED visit rate for patients receiving outpatient chemo (Number of Patients Returned),OP-35 ED — ED visit rate for patients receiving outpatient chemo (Score),OP-36 — Ratio of unplanned visits after outpatient surgery (Denominator),OP-36 — Ratio of unplanned visits after outpatient surgery (Number of Patients),OP-36 — Ratio of unplanned visits after outpatient surgery (Number of Patients Returned),OP-36 — Ratio of unplanned visits after outpatient surgery (Score),READM-30 AMI — AMI 30-Day Readmission Rate (Denominator),READM-30 AMI — AMI 30-Day Readmission Rate (Number of Patients),READM-30 AMI — AMI 30-Day Readmission Rate (Number of Patients Returned),READM-30 AMI — AMI 30-Day Readmission Rate (Score),READM-30 CABG — CABG 30-Day Readmission Rate (Denominator),READM-30 CABG — CABG 30-Day Readmission Rate (Number of Patients),READM-30 CABG — CABG 30-Day Readmission Rate (Number of Patients Returned),READM-30 CABG — CABG 30-Day Readmission Rate (Score),READM-30 COPD — COPD 30-Day Readmission Rate (Denominator),READM-30 COPD — COPD 30-Day Readmission Rate (Number of Patients),READM-30 COPD — COPD 30-Day Readmission Rate (Number of Patients Returned),READM-30 COPD — COPD 30-Day Readmission Rate (Score),READM-30 HF — 30-Day HF Readmission Rate (Denominator),READM-30 HF — 30-Day HF Readmission Rate (Number of Patients),READM-30 HF — 30-Day HF Readmission Rate (Number of Patients Returned),READM-30 HF — 30-Day HF Readmission Rate (Score),READM-30 HIP-KNEE — 30-Day Readmission Rate after hip/knee replacement (Denominator),READM-30 HIP-KNEE — 30-Day Readmission Rate after hip/knee replacement (Number of Patients),READM-30 HIP-KNEE — 30-Day Readmission Rate after hip/knee replacement (Number of Patients Returned),READM-30 HIP-KNEE — 30-Day Readmission Rate after hip/knee replacement (Score),READM-30 HOSP-WIDE — 30-Day Hospital-Wide All-Cause Unplanned Readmission Rate (Denominator),READM-30 HOSP-WIDE — 30-Day Hospital-Wide All-Cause Unplanned Readmission Rate (Number of Patients),READM-30 HOSP-WIDE — 30-Day Hospital-Wide All-Cause Unplanned Readmission Rate (Number of Patients Returned),READM-30 HOSP-WIDE — 30-Day Hospital-Wide All-Cause Unplanned Readmission Rate (Score),READM-30 PN — 30-Day Pneumonia Readmission Rate (Denominator),READM-30 PN — 30-Day Pneumonia Readmission Rate (Number of Patients),READM-30 PN — 30-Day Pneumonia Readmission Rate (Number of Patients Returned),READM-30 PN — 30-Day Pneumonia Readmission Rate (Score),READM-30 STK — 30-Day Readmission Rate for stroke patients (Denominator),READM-30 STK — 30-Day Readmission Rate for stroke patients (Number of Patients),READM-30 STK — 30-Day Readmission Rate for stroke patients (Number of Patients Returned),READM-30 STK — 30-Day Readmission Rate for stroke patients (Score),COMP-HIP-KNEE Achievement Points,COMP-HIP-KNEE Achievement Threshold,COMP-HIP-KNEE Baseline Rate,COMP-HIP-KNEE Benchmark,COMP-HIP-KNEE Improvement Points,COMP-HIP-KNEE Measure Score,COMP-HIP-KNEE Performance Rate,Combined SSI Measure Score,HAI-1 Achievement Points,HAI-1 Improvement Points,HAI-1 Measure Score,HAI-1 Performance Rate,HAI-1 Performance_Rate,HAI-2 Achievement Points,HAI-2 Improvement Points,HAI-2 Measure Score,HAI-2 Performance Rate,HAI-3 Achievement Points,HAI-3 Improvement Points,HAI-3 Measure Score,HAI-3 Performance Rate,HAI-4 Achievement Points,HAI-4 Improvement Points,HAI-4 Measure Score,HAI-4 Performance Rate,MORT-30-AMI Achievement Points,MORT-30-AMI Achievement Threshold,MORT-30-AMI Baseline Rate,MORT-30-AMI Benchmark,MORT-30-AMI Improvement Points,MORT-30-AMI Measure Score,MORT-30-AMI Performance Rate,MORT-30-CABG Achievement Points,MORT-30-CABG Achievement Threshold,MORT-30-CABG Baseline Rate,MORT-30-CABG Benchmark,MORT-30-CABG Improvement Points,MORT-30-CABG Measure Score,MORT-30-CABG Performance Rate,MORT-30-COPD,MORT-30-COPD Achievement Points,MORT-30-COPD Achievement Threshold,MORT-30-COPD Baseline Rate,MORT-30-COPD Benchmark,MORT-30-COPD Improvement Points,MORT-30-COPD Measure Score,MORT-30-COPD Performance Rate,MORT-30-HF Achievement Points,MORT-30-HF Achievement Threshold,MORT-30-HF Baseline Rate,MORT-30-HF Benchmark,MORT-30-HF Improvement Points,MORT-30-HF Measure Score,MORT-30-HF Performance Rate,MORT-30-PN Achievement Points,MORT-30-PN Achievement Threshold,MORT-30-PN Baseline Rate,MORT-30-PN Benchmark,MORT-30-PN Improvement Points,MORT-30-PN Measure Score,MORT-30-PN Performance Rate,PSI-90 Achievement Points,PSI-90 Improvement Points,PSI-90 Measure Score,PSI-90 Performance Rate,Fiscal Year,MSPB-1 Achievement Points,MSPB-1 Achievement Threshold,MSPB-1 Baseline Rate,MSPB-1 Benchmark,MSPB-1 Improvement Points,MSPB-1 Measure Score,MSPB-1 Performance Rate,COMP-HIP-KNEE Achievement Points,COMP-HIP-KNEE Achievement Threshold,COMP-HIP-KNEE Baseline Rate,COMP-HIP-KNEE Benchmark,COMP-HIP-KNEE Improvement Points,COMP-HIP-KNEE Measure Score,COMP-HIP-KNEE Performance Rate,Combined SSI Measure Score,HAI-1 Achievement Points,HAI-1 Achievement Threshold,HAI-1 Baseline Rate,HAI-1 Benchmark,HAI-1 Improvement Points,HAI-1 Measure Score,HAI-1 Performance Rate,HAI-2 Achievement Points,HAI-2 Achievement Threshold,HAI-2 Baseline Rate,HAI-2 Benchmark,HAI-2 Improvement Points,HAI-2 Measure Score,HAI-2 Performance Rate,HAI-3 Achievement Points,HAI-3 Achievement Threshold,HAI-3 Baseline Rate,HAI-3 Benchmark,HAI-3 Improvement Points,HAI-3 Measure Score,HAI-3 Performance Rate,HAI-4 Achievement Points,HAI-4 Achievement Threshold,HAI-4 Baseline Rate,HAI-4 Benchmark,HAI-4 Improvement Points,HAI-4 Measure Score,HAI-4 Performance Rate,HAI-5 Achievement Points,HAI-5 Achievement Threshold,HAI-5 Baseline Rate,HAI-5 Benchmark,HAI-5 Improvement Points,HAI-5 Measure Score,HAI-5 Performance Rate,HAI-6 Achievement Points,HAI-6 Achievement Threshold,HAI-6 Baseline Rate,HAI-6 Benchmark,HAI-6 Improvement Points,HAI-6 Measure Score,HAI-6 Performance Rate,MORT-30-AMI Achievement Points,MORT-30-AMI Achievement Threshold,MORT-30-AMI Baseline Rate,MORT-30-AMI Benchmark,MORT-30-AMI Improvement Points,MORT-30-AMI Measure Score,MORT-30-AMI Performance Rate,MORT-30-HF Achievement Points,MORT-30-HF Achievement Threshold,MORT-30-HF Baseline Rate,MORT-30-HF Benchmark,MORT-30-HF Improvement Points,MORT-30-HF Measure Score,MORT-30-HF Performance Rate,MORT-30-PN Achievement Points,MORT-30-PN Achievement Threshold,MORT-30-PN Baseline Rate,MORT-30-PN Benchmark,MORT-30-PN Improvement Points,MORT-30-PN Measure Score,MORT-30-PN Performance Rate,PC-01 Achievement Points,PC-01 Achievement Threshold,PC-01 Baseline Rate,PC-01 Benchmark,PC-01 Improvement Points,PC-01 Measure Score,PC-01 Performance Rate,PSI-90 Achievement Points,PSI-90 Achievement Threshold,PSI-90 Baseline Rate,PSI-90 Benchmark,PSI-90 Improvement Points,PSI-90 Measure Score,PSI-90 Performance Rate,Total Performance Score,Unweighted Normalized Clinical Care - Outcomes Domain Score,Unweighted Normalized Clinical Care - Process Domain Score,Unweighted Normalized Clinical Care Domain Score,Unweighted Normalized Clinical Outcomes Domain Score,Unweighted Normalized Clinical Process of Care Domain Score,Unweighted Normalized Efficiency And Cost Reduction Domain Score,Unweighted Normalized Efficiency Domain Score,Unweighted Normalized Efficiency and Cost Reduction Domain Score,Unweighted Normalized Outcome Domain Score,Unweighted Normalized Safety Domain Score,Unweighted Patient Experience of Care Domain Score,Unweighted Patient and Caregiver Centered Experience of Care/Care Coordination Domain Score,Unweighted Person And Community Engagement Domain Score,Unweighted Person and Community Engagement Domain Score,Weighted Clinical Care - Process Domain Score,Weighted Clinical Process of Care Domain Score,Weighted Efficiency And Cost Reduction Domain Score,Weighted Efficiency Domain Score,Weighted Efficiency and Cost Reduction Domain Score,Weighted Normalized Clinical Care - Outcomes Domain Score,Weighted Normalized Clinical Care Domain Score,Weighted Normalized Clinical Outcomes Domain Score,Weighted Outcome Domain Score,Weighted Patient Experience of Care Domain Score,Weighted Patient and Caregiver Centered Experience of Care/Care Coordination Domain Score,Weighted Person And Community Engagement Domain Score,Weighted Person and Community Engagement Domain Score,Weighted Safety Domain Score,Care Transition Achievement Points,Care Transition Achievement Threshold,Care Transition Baseline Rate,Care Transition Benchmark,Care Transition Dimension Score,Care Transition Floor,Care Transition Improvement Points,Care Transition Performance Rate,Care Transition Performance RateCare Transition Achievement Points,Cleanliness and Quietness of Hospital Environment Achievement Points,Cleanliness and Quietness of Hospital Environment Achievement Threshold,Cleanliness and Quietness of Hospital Environment Baseline Rate,Cleanliness and Quietness of Hospital Environment Benchmark,Cleanliness and Quietness of Hospital Environment Dimension Score,Cleanliness and Quietness of Hospital Environment Floor,Cleanliness and Quietness of Hospital Environment Improvement Points,Cleanliness and Quietness of Hospital Environment Performance Rate,Communication about Medicines Achievement Points,Communication about Medicines Achievement Threshold,Communication about Medicines Baseline Rate,Communication about Medicines Benchmark,Communication about Medicines Dimension Score,Communication about Medicines Floor,Communication about Medicines Improvement Points,Communication about Medicines Performance Rate,Communication with Doctors Achievement Points,Communication with Doctors Achievement Threshold,Communication with Doctors Baseline Rate,Communication with Doctors Benchmark,Communication with Doctors Dimension Score,Communication with Doctors Floor,Communication with Doctors Improvement Points,Communication with Doctors Performance Rate,Communication with Nurses Achievement Points,Communication with Nurses Achievement Threshold,Communication with Nurses Baseline Rate,Communication with Nurses Benchmark,Communication with Nurses Dimension Score,Communication with Nurses Floor,Communication with Nurses Improvement Points,Communication with Nurses Performance Rate,Discharge Information Achievement Points,Discharge Information Achievement Threshold,Discharge Information Baseline Rate,Discharge Information Benchmark,Discharge Information Dimension Score,Discharge Information Floor,Discharge Information Improvement Points,Discharge Information Performance Rate,HCAHPS Base Score,HCAHPS Consistency Score,Overall Rating of Hospital Achievement Points,Overall Rating of Hospital Achievement Threshold,Overall Rating of Hospital Baseline Rate,Overall Rating of Hospital Benchmark,Overall Rating of Hospital Dimension Score,Overall Rating of Hospital Floor,Overall Rating of Hospital Improvement Points,Overall Rating of Hospital Performance Rate,Pain Management Achievement Points,Pain Management Achievement Threshold,Pain Management Baseline Rate,Pain Management Benchmark,Pain Management Dimension Score,Pain Management Floor,Pain Management Improvement Points,Pain Management Performance Rate,Responsiveness of Hospital Staff Achievement Points,Responsiveness of Hospital Staff Achievement Threshold,Responsiveness of Hospital Staff Baseline Rate,Responsiveness of Hospital Staff Benchmark,Responsiveness of Hospital Staff Dimension Score,Responsiveness of Hospital Staff Floor,Responsiveness of Hospital Staff Improvement Points,Responsiveness of Hospital Staff Performance Rate,OP-10 — Abdomen CT Use of Contrast Material (Score),OP-11 — Thorax CT Use of Contrast Material (Score),OP-13 — Outpatients who got cardiac imaging stress tests before low-risk outpatient surgery (Score),OP-14 — Outpatients with brain CT scans who got a sinus CT scan at the same time (Score),OP-39 — Breast Cancer Screening Recall Rates (Score),OP-8 — MRI Lumbar Spine for Low Back Pain (Score),OP-9 — Mammography Follow-up Rates (Score),COMP_PAYM_90_HIP_KNEE — Payment for hip/knee replacement patients (Denominator),COMP_PAYM_90_HIP_KNEE — Payment for hip/knee replacement patients (Higher Estimate),COMP_PAYM_90_HIP_KNEE — Payment for hip/knee replacement patients (Lower Estimate),COMP_PAYM_90_HIP_KNEE — Payment for hip/knee replacement patients (Payment),COMP_PAYM_90_HIP_KNEE — Payment for hip/knee replacement patients (Payment Category),COMP_PAYM_90_HIP_KNEE — Payment for hip/knee replacement patients (Payment Measure ID),COMP_PAYM_90_HIP_KNEE — Payment for hip/knee replacement patients (Value of Care Category),MORT_PAYM_30_AMI — Payment for heart attack patients (Denominator),MORT_PAYM_30_AMI — Payment for heart attack patients (Higher Estimate),MORT_PAYM_30_AMI — Payment for heart attack patients (Lower Estimate),MORT_PAYM_30_AMI — Payment for heart attack patients (Payment),MORT_PAYM_30_AMI — Payment for heart attack patients (Payment Category),MORT_PAYM_30_AMI — Payment for heart attack patients (Payment Measure ID),MORT_PAYM_30_AMI — Payment for heart attack patients (Value of Care Category),MORT_PAYM_30_HF — Payment for heart failure patients (Denominator),MORT_PAYM_30_HF — Payment for heart failure patients (Higher Estimate),MORT_PAYM_30_HF — Payment for heart failure patients (Lower Estimate),MORT_PAYM_30_HF — Payment for heart failure patients (Payment),MORT_PAYM_30_HF — Payment for heart failure patients (Payment Category),MORT_PAYM_30_HF — Payment for heart failure patients (Payment Measure ID),MORT_PAYM_30_HF — Payment for heart failure patients (Value of Care Category),MORT_PAYM_30_PN — Payment for pneumonia patients (Denominator),MORT_PAYM_30_PN — Payment for pneumonia patients (Higher Estimate),MORT_PAYM_30_PN — Payment for pneumonia patients (Lower Estimate),MORT_PAYM_30_PN — Payment for pneumonia patients (Payment),MORT_PAYM_30_PN — Payment for pneumonia patients (Payment Category),MORT_PAYM_30_PN — Payment for pneumonia patients (Payment Measure ID),MORT_PAYM_30_PN — Payment for pneumonia patients (Value of Care Category),COMP HIP KNEE — Rate of complications for hip/knee replacement patients (Denominator),COMP HIP KNEE — Rate of complications for hip/knee replacement patients (Score),MORT 30 AMI — AMI 30-Day Mortality Rate (Denominator),MORT 30 AMI — AMI 30-Day Mortality Rate (Score),MORT 30 CABG — Death rate for CABG surgery patients (Denominator),MORT 30 CABG — Death rate for CABG surgery patients (Score),MORT 30 COPD — Death rate for COPD patients (Denominator),MORT 30 COPD — Death rate for COPD patients (Score),MORT 30 HF — Heart failure 30-Day Mortality Rate (Denominator),MORT 30 HF — Heart failure 30-Day Mortality Rate (Score),MORT 30 PN — Pneumonia 30-Day Mortality Rate (Denominator),MORT 30 PN — Pneumonia 30-Day Mortality Rate (Score),MORT 30 STK — Death rate for stroke patients (Denominator),MORT 30 STK — Death rate for stroke patients (Score),PSI 10 — Postoperative acute kidney injury requiring dialysis rate (Denominator),PSI 10 — Postoperative acute kidney injury requiring dialysis rate (Score),PSI 11 — Postoperative respiratory failure rate (Denominator),PSI 11 — Postoperative respiratory failure rate (Score),PSI 12 — Perioperative pulmonary embolism or deep vein thrombosis rate (Denominator),PSI 12 — Perioperative pulmonary embolism or deep vein thrombosis rate (Score),PSI 13 — Postoperative sepsis rate (Denominator),PSI 13 — Postoperative sepsis rate (Score),PSI 14 — Postoperative wound dehiscence rate (Denominator),PSI 14 — Postoperative wound dehiscence rate (Score),PSI 15 — Abdominopelvic accidental puncture or laceration rate (Denominator),PSI 15 — Abdominopelvic accidental puncture or laceration rate (Score),PSI 3 — Pressure ulcer rate (Denominator),PSI 3 — Pressure ulcer rate (Score),PSI 4 — Death rate among surgical inpatients with serious treatable complications (Denominator),PSI 4 — Death rate among surgical inpatients with serious treatable complications (Score),PSI 6 — Iatrogenic pneumothorax rate (Denominator),PSI 6 — Iatrogenic pneumothorax rate (Score),PSI 7 — Infections from a large venous catheter (Denominator),PSI 7 — Infections from a large venous catheter (Score),PSI 8 — In-hospital fall with hip fracture rate (Denominator),PSI 8 — In-hospital fall with hip fracture rate (Score),PSI 9 — Perioperative hemorrhage or hematoma rate (Denominator),PSI 9 — Perioperative hemorrhage or hematoma rate (Score),PSI 9 — Postoperative hemorrhage or hematoma rate (Denominator),PSI 9 — Postoperative hemorrhage or hematoma rate (Score),PSI 90 — Patient safety and adverse events composite (Score),READM 30 AMI — Acute Myocardial Infarction (AMI) 30-Day Readmission Rate (Denominator),READM 30 AMI — Acute Myocardial Infarction (AMI) 30-Day Readmission Rate (Score),READM 30 COPD — Rate of unplanned readmission for chronic obstructive pulmonary disease (COPD) patients (Denominator),READM 30 COPD — Rate of unplanned readmission for chronic obstructive pulmonary disease (COPD) patients (Score),READM 30 HF — Heart failure (HF) 30-Day Readmission Rate (Denominator),READM 30 HF — Heart failure (HF) 30-Day Readmission Rate (Score),READM 30 HIP KNEE — Rate of readmission after hip/knee surgery (Denominator),READM 30 HIP KNEE — Rate of readmission after hip/knee surgery (Score),READM 30 HOSP WIDE — Rate of readmission after discharge from hospital (hospital-wide) (Denominator),READM 30 HOSP WIDE — Rate of readmission after discharge from hospital (hospital-wide) (Score),READM 30 PN — Pneumonia (PN) 30-Day Readmission Rate (Denominator),READM 30 PN — Pneumonia (PN) 30-Day Readmission Rate (Score),READM 30 STK — Rate of unplanned readmission for stroke patients (Denominator),READM 30 STK — Rate of unplanned readmission for stroke patients (Score),AMI_10 — Statin at Discharge (Sample),AMI_10 — Statin at Discharge (Score),AMI_2 — Aspirin prescribed at discharge (Sample),AMI_2 — Aspirin prescribed at discharge (Score),AMI_7a — Fibrinolytic Therapy Received w/in 30 Minutes of Arrival (Sample),AMI_7a — Fibrinolytic Therapy Received w/in 30 Minutes of Arrival (Score),AMI_8a — Primary PCI Received Within 90 Minutes of Hospital Arrival (Sample),AMI_8a — Primary PCI Received Within 90 Minutes of Hospital Arrival (Score),CAC_1 — Relievers for Inpatient Asthma (Sample),CAC_1 — Relievers for Inpatient Asthma (Score),CAC_2 — Systemic Corticosteroids for Inpatient Asthma (Sample),CAC_2 — Systemic Corticosteroids for Inpatient Asthma (Score),CAC_3 — Home Management Plan of Care Document (Sample),CAC_3 — Home Management Plan of Care Document (Score),EDV — Emergency department volume (Score),ED_1b — Median time in ED before inpatient admission (Sample),ED_1b — Median time in ED before inpatient admission (Score),ED_2_Strata_1 — Admit Decision Time to ED Departure Time for Admitted Patients - non psychiatric/mental health disorders (Sample),ED_2_Strata_1 — Admit Decision Time to ED Departure Time for Admitted Patients - non psychiatric/mental health disorders (Score),ED_2_Strata_2 — Admit Decision Time to ED Departure Time for Admitted Patients  psychiatric/mental health disorders (Sample),ED_2_Strata_2 — Admit Decision Time to ED Departure Time for Admitted Patients  psychiatric/mental health disorders (Score),ED_2b — Median time in ED between admission and leaving for room (Sample),ED_2b — Median time in ED between admission and leaving for room (Score),HCP_COVID_19 — Percentage of healthcare personnel who completed COVID-19 primary vaccination series (Sample),HCP_COVID_19 — Percentage of healthcare personnel who completed COVID-19 primary vaccination series (Score),HF_1 — Discharge instructions (Sample),HF_1 — Discharge instructions (Score),HF_2 — Evaluation of LVS Function (Sample),HF_2 — Evaluation of LVS Function (Score),HF_3 — ACEI or ARB for LVSD (Sample),HF_3 — ACEI or ARB for LVSD (Score),IMM_1a — Immunization for pneumonia (Sample),IMM_1a — Immunization for pneumonia (Score),IMM_2 — Immunization for influenza (Sample),IMM_2 — Immunization for influenza (Score),IMM_3 — Healthcare workers given flu vaccine (Sample),IMM_3 — Healthcare workers given flu vaccine (Score),OP_1 — Median Time to Fibrinolysis (Sample),OP_1 — Median Time to Fibrinolysis (Score),OP_18b — Median time in ED before leaving visit (Sample),OP_18b — Median time in ED before leaving visit (Score),OP_18c — Median time psych patients in ED before leaving visit (Sample),OP_18c — Median time psych patients in ED before leaving visit (Score),OP_2 — Fibrinolytic Therapy Received Within 30 Minutes of ED Arrival (Sample),OP_2 — Fibrinolytic Therapy Received Within 30 Minutes of ED Arrival (Score),OP_20 — Door to diagnostic eval (Sample),OP_20 — Door to diagnostic eval (Score),OP_21 — Median time to pain med (Sample),OP_21 — Median time to pain med (Score),OP_22 — Left before being seen (Sample),OP_22 — Left before being seen (Score),OP_23 — Head CT results (Sample),OP_23 — Head CT results (Score),OP_29 — Follow-Up Int for Normal Colonoscopy in Avg Risk Patients (Sample),OP_29 — Follow-Up Int for Normal Colonoscopy in Avg Risk Patients (Score),OP_30 — Colonoscopy Int - Patients w/ History of Adenomatous Polyps (Sample),OP_30 — Colonoscopy Int - Patients w/ History of Adenomatous Polyps (Score),OP_31 — Improved Vision - w/in 90 Days After Cataract Surg (Sample),OP_31 — Improved Vision - w/in 90 Days After Cataract Surg (Score),OP_33 — External Beam Radiotherapy for Bone Metastases (Sample),OP_33 — External Beam Radiotherapy for Bone Metastases (Score),OP_3b — Median Time to Transfer to Another Facility for Acute Coronary Intervention (Sample),OP_3b — Median Time to Transfer to Another Facility for Acute Coronary Intervention (Score),OP_4 — Aspirin at Arrival (Sample),OP_4 — Aspirin at Arrival (Score),OP_5 — Median Time to ECG (Sample),OP_5 — Median Time to ECG (Score),OP_6 — Prophylactic Antibiotic Initiated Within One Hour Prior to Surgical Incision (Sample),OP_6 — Prophylactic Antibiotic Initiated Within One Hour Prior to Surgical Incision (Score),OP_7 — Prophylactic Antibiotic Selection for Surgical Patients (Sample),OP_7 — Prophylactic Antibiotic Selection for Surgical Patients (Score),PC_01 — % newborns w/ non-medically necessary early scheduled deliv (Sample),PC_01 — % newborns w/ non-medically necessary early scheduled deliv (Score),PN_3b — Blood Cultures Done in ED Before Initial Antibiotic Received in Hosp (Sample),PN_3b — Blood Cultures Done in ED Before Initial Antibiotic Received in Hosp (Score),PN_6 — Initial antibiotic selection for CAP in immunocompetent patient (Sample),PN_6 — Initial antibiotic selection for CAP in immunocompetent patient (Score),SAFE_USE_OF_OPIOIDS — Safe Use of Opioids  Concurrent Prescribing (Sample),SAFE_USE_OF_OPIOIDS — Safe Use of Opioids  Concurrent Prescribing (Score),SCIP_CARD_2 — Surg Patients on BB Before Arrival Who Received BB During Periop Period (Sample),SCIP_CARD_2 — Surg Patients on BB Before Arrival Who Received BB During Periop Period (Score),SCIP_INF_1 — Prophylactic antibiotic received within 1 hour prior to surgical incision (Sample),SCIP_INF_1 — Prophylactic antibiotic received within 1 hour prior to surgical incision (Score),SCIP_INF_10 — Surgery Patients with Perioperative Temperature Management (Sample),SCIP_INF_10 — Surgery Patients with Perioperative Temperature Management (Score),SCIP_INF_2 — Prophylactic Antibiotic Selection for Surgical Patients (Sample),SCIP_INF_2 — Prophylactic Antibiotic Selection for Surgical Patients (Score),SCIP_INF_3 — Prophylactic antibiotics discontinued within 24 hours after surgery end time (Sample),SCIP_INF_3 — Prophylactic antibiotics discontinued within 24 hours after surgery end time (Score),SCIP_INF_4 — Cardiac Surg Patients w/ Controlled 6am Post-op Blood Glu (Sample),SCIP_INF_4 — Cardiac Surg Patients w/ Controlled 6am Post-op Blood Glu (Score),SCIP_INF_9 — Postoperative Urinary Catheter Removal (Sample),SCIP_INF_9 — Postoperative Urinary Catheter Removal (Score),SCIP_VTE_2 — Surg Patients Receiving VTP w/in 24hrs Before Surg to 24hrs After (Sample),SCIP_VTE_2 — Surg Patients Receiving VTP w/in 24hrs Before Surg to 24hrs After (Score),SEP_1 — Appropriate care for severe sepsis and septic shock (Sample),SEP_1 — Appropriate care for severe sepsis and septic shock (Score),SEP_SH_3HR — Septic Shock 3-Hour Bundle (Sample),SEP_SH_3HR — Septic Shock 3-Hour Bundle (Score),SEP_SH_6HR — Septic Shock 6-Hour Bundle (Sample),SEP_SH_6HR — Septic Shock 6-Hour Bundle (Score),SEV_SEP_3HR — Severe Sepsis 3-Hour Bundle (Sample),SEV_SEP_3HR — Severe Sepsis 3-Hour Bundle (Score),SEV_SEP_6HR — Severe Sepsis 6-Hour Bundle (Sample),SEV_SEP_6HR — Severe Sepsis 6-Hour Bundle (Score),STK_02 — Discharged on Antithrombotic Therapy (Sample),STK_02 — Discharged on Antithrombotic Therapy (Score),STK_03 — Anticoagulation Therapy for Atrial Fibrillation/Flutter (Sample),STK_03 — Anticoagulation Therapy for Atrial Fibrillation/Flutter (Score),STK_05 — Antithrombotic Therapy by End of Hospital Day 2 (Sample),STK_05 — Antithrombotic Therapy by End of Hospital Day 2 (Score),STK_06 — Discharged on Statin Medication (Sample),STK_06 — Discharged on Statin Medication (Score),STK_1 — Venous Thromboembolism (VTE) Prophylaxis (Sample),STK_1 — Venous Thromboembolism (VTE) Prophylaxis (Score),STK_10 — Assessed for Rehabilitation (Sample),STK_10 — Assessed for Rehabilitation (Score),STK_2 — Discharged on Antithrombotic Therapy (Sample),STK_2 — Discharged on Antithrombotic Therapy (Score),STK_3 — Anticoagulation Therapy for Atrial Fibrillation/Flutter (Sample),STK_3 — Anticoagulation Therapy for Atrial Fibrillation/Flutter (Score),STK_4 — Thrombolytic Therapy (Sample),STK_4 — Thrombolytic Therapy (Score),STK_5 — Antithrombotic Therapy by End of Hospital Day 2 (Sample),STK_5 — Antithrombotic Therapy by End of Hospital Day 2 (Score),STK_6 — Discharged on Statin Medication (Sample),STK_6 — Discharged on Statin Medication (Score),STK_8 — Stroke Education (Sample),STK_8 — Stroke Education (Score),VTE_1 — Venous Thromboembolism Prophylaxis (Sample),VTE_1 — Venous Thromboembolism Prophylaxis (Score),VTE_1 — Venous thromboembolism prophylaxis (Sample),VTE_1 — Venous thromboembolism prophylaxis (Score),VTE_2 — ICU venous thromboembolism prophylaxis (Sample),VTE_2 — ICU venous thromboembolism prophylaxis (Score),VTE_2 — Intensive Care Unit Venous Thromboembolism Prophylaxis (Sample),VTE_2 — Intensive Care Unit Venous Thromboembolism Prophylaxis (Score),VTE_3 — Anticoagulation overlap therapy (Sample),VTE_3 — Anticoagulation overlap therapy (Score),VTE_4 — Unfractionated heparin with dosages/platelet count monitoring (Sample),VTE_4 — Unfractionated heparin with dosages/platelet count monitoring (Score),VTE_5 — Warfarin therapy discharge instructions (Sample),VTE_5 — Warfarin therapy discharge instructions (Score),VTE_6 — Potentially Preventable Venous Thromboembolism (Sample),VTE_6 — Potentially Preventable Venous Thromboembolism (Score),Nurse communication - linear mean score,Doctor communication - linear mean score,Staff responsiveness - linear mean score,Communication about medicines - linear mean score,Discharge information - linear mean score,Care transition - linear mean score,Cleanliness - linear mean score,Quietness - linear mean score,Overall hospital rating - linear mean score,Recommend hospital - linear mean score,Pain management - linear mean score,Nurse communication - star rating,Doctor communication - star rating,Staff responsiveness - star rating,Communication about medicines - star rating,Discharge information - star rating,Care transition - star rating,Cleanliness - star rating,Quietness - star rating,Overall hospital rating - star rating,Recommend hospital - star rating,Summary star rating,Pain management - star rating,"Nurses ""always"" communicated well","Nurses ""sometimes"" or ""never"" communicated well","Nurses ""usually"" communicated well","Nurses ""always"" treated them with courtesy and respect","Nurses ""sometimes"" or ""never"" treated them with courtesy and respect","Nurses ""usually"" treated them with courtesy and respect","Nurses ""always"" listened carefully","Nurses ""sometimes"" or ""never"" listened carefully","Nurses ""usually"" listened carefully","Nurses ""always"" explained things so they could understand","Nurses ""sometimes"" or ""never"" explained things so they could understand","Nurses ""usually"" explained things so they could understand","Doctors ""always"" communicated well","Doctors ""sometimes"" or ""never"" communicated well","Doctors ""usually"" communicated well","Doctors ""always"" treated them with courtesy and respect","Doctors ""sometimes"" or ""never"" treated them with courtesy and respect","Doctors ""usually"" treated them with courtesy and respect","Doctors ""always"" listened carefully","Doctors ""sometimes"" or ""never"" listened carefully","Doctors ""usually"" listened carefully","Doctors ""always"" explained things so they could understand","Doctors ""sometimes"" or ""never"" explained things so they could understand","Doctors ""usually"" explained things so they could understand","Patients ""always"" received help as soon as they wanted","Patients ""sometimes"" or ""never"" received help as soon as they wanted","Patients ""usually"" received help as soon as they wanted","Patients ""always"" received call button help as soon as they wanted","Patients ""sometimes"" or ""never"" received call button help as soon as they wanted","Patients ""usually"" received call button help as soon as they wanted","Patients ""always"" received bathroom help as soon as they wanted","Patients ""sometimes"" or ""never"" received bathroom help as soon as they wanted","Patients ""usually"" received bathroom help as soon as they wanted","Staff ""always"" explained","Staff ""sometimes"" or ""never"" explained","Staff ""usually"" explained","Staff ""always"" explained new medications","Staff ""sometimes"" or ""never"" explained new medications","Staff ""usually"" explained new medications","Staff ""always"" explained possible side effects","Staff ""sometimes"" or ""never"" explained possible side effects","Staff ""usually"" explained possible side effects","No  staff ""did not"" give patients this information","Yes  staff ""did"" give patients this information","No  staff ""did not"" give patients information about help after discharge","Yes  staff ""did"" give patients information about help after discharge","No  staff ""did not"" give patients information about possible symptoms","Yes  staff ""did"" give patients information about possible symptoms","Patients who ""Agree"" they understood their care when they left the hospital","Patients who ""Disagree"" or ""Strongly Disagree"" they understood their care when they left the hospital","Patients who ""Strongly Agree"" they understood their care when they left the hospital","Patients who ""Agree"" that staff took their preferences into account","Patients who ""Disagree"" or ""Strongly Disagree"" that staff took their preferences into account","Patients who ""Strongly Agree"" that staff took their preferences into account","Patients who ""Agree"" they understood their responsiblities when they left the hospital","Patients who ""Disagree"" or ""Strongly Disagree"" they understood their responsiblities when they left the hospital","Patients who ""Strongly Agree"" they understood their responsiblities when they left the hospital","Patients who ""Agree"" they understood their medications when they left the hospital","Patients who ""Disagree"" or ""Strongly Disagree"" they understood their medications when they left the hospital","Patients who ""Strongly Agree"" they understood their medications when they left the hospital","Room was ""always"" clean","Room was ""sometimes"" or ""never"" clean","Room was ""usually"" clean","""Always"" quiet at night","""Sometimes"" or ""never"" quiet at night","""Usually"" quiet at night","Patients who gave a rating of ""6"" or lower (low)","Patients who gave a rating of ""7"" or ""8"" (medium)","Patients who gave a rating of ""9"" or ""10"" (high)","""NO""  patients would not recommend the hospital (they probably would not or definitely would not recommend it)","""YES""  patients would definitely recommend the hospital","""YES""  patients would probably recommend the hospital",Patients who Agree they understood their care when they left the hospital,Patients who Disagree or Strongly Disagree they understood their care when they left the hospital,Patients who Strongly Agree they understood their care when they left the hospital,"Pain was ""always"" well controlled","Pain was ""sometimes"" or ""never"" well controlled","Pain was ""usually"" well controlled",Number of Completed Surveys,Survey Response Rate Percent,CLABSI (SIR),CLABSI Number of Device Days,CLABSI Number of Procedures,CLABSI Observed Cases,CLABSI Predicted Cases,CAUTI (SIR),CAUTI Number of Procedures,CAUTI Observed Cases,CAUTI Predicted Cases,CAUTI Urinary Catheter Days,MRSA (SIR),MRSA Observed Cases,MRSA Predicted Cases,MRSA patient days,CDIFF (SIR),CDIFF Observed Cases,CDIFF Predicted Cases,CDIFF patient days,SSI Colon Number of Procedures,SSI Colon Observed Cases,SSI Colon Predicted Cases,SSI Colon Surgery (SIR),SSI Colon  Number of Procedures,SSI Abdominal Hysterectomy (SIR),SSI Abdominal Number of Procedures,SSI Abdominal Observed Cases,SSI Abdominal Predicted Cases,READM-30-AMI (Excess Readmission Ratio),READM-30-AMI (Expected Readmission Rate),READM-30-AMI (Number of Discharges),READM-30-AMI (Number of Readmissions),READM-30-AMI (Predicted Readmission Rate),READM-30-AMI (Footnote),READM-30-CABG (Excess Readmission Ratio),READM-30-CABG (Expected Readmission Rate),READM-30-CABG (Number of Discharges),READM-30-CABG (Number of Readmissions),READM-30-CABG (Predicted Readmission Rate),READM-30-CABG (Footnote),READM-30-COPD (Excess Readmission Ratio),READM-30-COPD (Expected Readmission Rate),READM-30-COPD (Number of Discharges),READM-30-COPD (Number of Readmissions),READM-30-COPD (Predicted Readmission Rate),READM-30-COPD (Footnote),READM-30-HF (Excess Readmission Ratio),READM-30-HF (Expected Readmission Rate),READM-30-HF (Number of Discharges),READM-30-HF (Number of Readmissions),READM-30-HF (Predicted Readmission Rate),READM-30-HF (Footnote),READM-30-HIP-KNEE (Excess Readmission Ratio),READM-30-HIP-KNEE (Expected Readmission Rate),READM-30-HIP-KNEE (Number of Discharges),READM-30-HIP-KNEE (Number of Readmissions),READM-30-HIP-KNEE (Predicted Readmission Rate),READM-30-HIP-KNEE (Footnote),READM-30-PN (Excess Readmission Ratio),READM-30-PN (Expected Readmission Rate),READM-30-PN (Number of Discharges),READM-30-PN (Number of Readmissions),READM-30-PN (Predicted Readmission Rate),READM-30-PN (Footnote)
0,SANTA BARBARA COUNTY PSYCHIATRIC HEALTH FACILITY (054125),07/2019,054125,2019,07,SANTA BARBARA COUNTY PSYCHIATRIC HEALTH FACILITY,315 CAMINO DEL REMEDIO,SANTA BARBARA,SANTA BARBARA,CA,93110.0,Not Available,Not Available,No,Government,Psychiatric,Not Available,,,Not Available,Not Available,Not Available,Not Available,Not Available,,,,,,,,,,,,,,,,,,,,,,,,,,,,,,,,,,,,,,,,,,,,,,,,,,,,,,,,,,,,,,,,,,,,,,,,,,,,,,,,,,,,,,,,,,,,,,,,,,,,,,,,,,,,,,,,,,,,,,,,,,,,,,,,,,,,,,,,,,,,,,,,,,,,,,,,,,,,,,,,,,,,,,,,,,,,,,,,,,,,,,,,,,,,,,,,,,,,,,,,,,,,,,,,,,,,,,,,,,,,,,,,,,,,,,,,,,,,,,,,,,,,,,,,,,,,,,,,,,,,,,,,,,,,,,,,,,,,,,,,,,,,,,,,,,,,,,,,,,,,,,,,,,,,,,,,,,,,,,,,,,,,,,,,,,,,,,,,,,,,,,,,,,,,,,,,,,,,,,,,,,,,,,,,,,,,,,,,,,,,,,,,,,,,,,,,,,,,,,,,,,,,,,,,,,,,,,,,,,,,,,,,,,,,,,,,,,,,,,,,,,,,,,,,,,,,,,,,,,,,,,,,,,,,,,,,,,,,,,,,,,,,,,,,,,,,,,,,,,,,,,,,,,,,,,,,,,,,,,,,,,,,,,,,,,,,,,,,,,,,,,,,,,,,,,,,,,,,,,,,,,,,,,,,,,,,,,,,,,,,,,,,,,,,,,,,,,,,,,,,,,,,,,,,,,,,,,,,,,,,,,,,,,,,,,,,,,,,,,,,,,,,,,,,,,,,,,,,,,,,,,,,,,,,,,,,,,,,,,,,,,,,,,,,,,,,,,,,,,,,,,,,,,,,,,,,,,,,,,,,,,,,,,,,,,,,,,,,,,,,,,,,,,
1,SANTA BARBARA COUNTY PSYCHIATRIC HEALTH FACILITY (054125),10/2019,054125,2019,10,SANTA BARBARA COUNTY PSYCHIATRIC HEALTH FACILITY,315 CAMINO DEL REMEDIO,SANTA BARBARA,SANTA BARBARA,CA,93110.0,Not Available,Not Available,No,Government,Psychiatric,Not Available,,,Not Available,Not Available,Not Available,Not Available,Not Available,,,,,,,,,,,,,,,,,,,,,,,,,,,,,,,,,,,,,,,,,,,,,,,,,,,,,,,,,,,,,,,,,,,,,,,,,,,,,,,,,,,,,,,,,,,,,,,,,,,,,,,,,,,,,,,,,,,,,,,,,,,,,,,,,,,,,,,,,,,,,,,,,,,,,,,,,,,,,,,,,,,,,,,,,,,,,,,,,,,,,,,,,,,,,,,,,,,,,,,,,,,,,,,,,,,,,,,,,,,,,,,,,,,,,,,,,,,,,,,,,,,,,,,,,,,,,,,,,,,,,,,,,,,,,,,,,,,,,,,,,,,,,,,,,,,,,,,,,,,,,,,,,,,,,,,,,,,,,,,,,,,,,,,,,,,,,,,,,,,,,,,,,,,,,,,,,,,,,,,,,,,,,,,,,,,,,,,,,,,,,,,,,,,,,,,,,,,,,,,,,,,,,,,,,,,,,,,,,,,,,,,,,,,,,,,,,,,,,,,,,,,,,,,,,,,,,,,,,,,,,,,,,,,,,,,,,,,,,,,,,,,,,,,,,,,,,,,,,,,,,,,,,,,,,,,,,,,,,,,,,,,,,,,,,,,,,,,,,,,,,,,,,,,,,,,,,,,,,,,,,,,,,,,,,,,,,,,,,,,,,,,,,,,,,,,,,,,,,,,,,,,,,,,,,,,,,,,,,,,,,,,,,,,,,,,,,,,,,,,,,,,,,,,,,,,,,,,,,,,,,,,,,,,,,,,,,,,,,,,,,,,,,,,,,,,,,,,,,,,,,,,,,,,,,,,,,,,,,,,,,,,,,,,,,,,,,,,,,,,,,,,,,,
2,SANTA BARBARA COUNTY PSYCHIATRIC HEALTH FACILITY (054125),01/2020,054125,2020,01,SANTA BARBARA COUNTY PSYCHIATRIC HEALTH FACILITY,315 CAMINO DEL REMEDIO,SANTA BARBARA,SANTA BARBARA,CA,93110.0,Not Available,Not Available,No,Government,Psychiatric,Not Available,,,Not Available,Not Available,Not Available,Not Available,Not Available,,,,,,,,,,,,,,,,,,,,,,,,,,,,,,,,,,,,,,,,,,,,,,,,,,,,,,,,,,,,,,,,,,,,,,,,,,,,,,,,,,,,,,,,,,,,,,,,,,,,,,,,,,,,,,,,,,,,,,,,,,,,,,,,,,,,,,,,,,,,,,,,,,,,,,,,,,,,,,,,,,,,,,,,,,,,,,,,,,,,,,,,,,,,,,,,,,,,,,,,,,,,,,,,,,,,,,,,,,,,,,,,,,,,,,,,,,,,,,,,,,,,,,,,,,,,,,,,,,,,,,,,,,,,,,,,,,,,,,,,,,,,,,,,,,,,,,,,,,,,,,,,,,,,,,,,,,,,,,,,,,,,,,,,,,,,,,,,,,,,,,,,,,,,,,,,,,,,,,,,,,,,,,,,,,,,,,,,,,,,,,,,,,,,,,,,,,,,,,,,,,,,,,,,,,,,,,,,,,,,,,,,,,,,,,,,,,,,,,,,,,,,,,,,,,,,,,,,,,,,,,,,,,,,,,,,,,,,,,,,,,,,,,,,,,,,,,,,,,,,,,,,,,,,,,,,,,,,,,,,,,,,,,,,,,,,,,,,,,,,,,,,,,,,,,,,,,,,,,,,,,,,,,,,,,,,,,,,,,,,,,,,,,,,,,,,,,,,,,,,,,,,,,,,,,,,,,,,,,,,,,,,,,,,,,,,,,,,,,,,,,,,,,,,,,,,,,,,,,,,,,,,,,,,,,,,,,,,,,,,,,,,,,,,,,,,,,,,,,,,,,,,,,,,,,,,,,,,,,,,,,,,,,,,,,,,,,,,,,,,,,,,,,
3,SANTA BARBARA COUNTY PSYCHIATRIC HEALTH FACILITY (054125),04/2020,054125,2020,04,SANTA BARBARA COUNTY PSYCHIATRIC HEALTH FACILITY,315 CAMINO DEL REMEDIO,SANTA BARBARA,SANTA BARBARA,CA,93110.0,Not Available,Not Available,No,Government,Psychiatric,Not Available,,,Not Available,Not Available,Not Available,Not Available,Not Available,,,,,,,,,,,,,,,,,,,,,,,,,,,,,,,,,,,,,,,,,,,,,,,,,,,,,,,,,,,,,,,,,,,,,,,,,,,,,,,,,,,,,,,,,,,,,,,,,,,,,,,,,,,,,,,,,,,,,,,,,,,,,,,,,,,,,,,,,,,,,,,,,,,,,,,,,,,,,,,,,,,,,,,,,,,,,,,,,,,,,,,,,,,,,,,,,,,,,,,,,,,,,,,,,,,,,,,,,,,,,,,,,,,,,,,,,,,,,,,,,,,,,,,,,,,,,,,,,,,,,,,,,,,,,,,,,,,,,,,,,,,,,,,,,,,,,,,,,,,,,,,,,,,,,,,,,,,,,,,,,,,,,,,,,,,,,,,,,,,,,,,,,,,,,,,,,,,,,,,,,,,,,,,,,,,,,,,,,,,,,,,,,,,,,,,,,,,,,,,,,,,,,,,,,,,,,,,,,,,,,,,,,,,,,,,,,,,,,,,,,,,,,,,,,,,,,,,,,,,,,,,,,,,,,,,,,,,,,,,,,,,,,,,,,,,,,,,,,,,,,,,,,,,,,,,,,,,,,,,,,,,,,,,,,,,,,,,,,,,,,,,,,,,,,,,,,,,,,,,,,,,,,,,,,,,,,,,,,,,,,,,,,,,,,,,,,,,,,,,,,,,,,,,,,,,,,,,,,,,,,,,,,,,,,,,,,,,,,,,,,,,,,,,,,,,,,,,,,,,,,,,,,,,,,,,,,,,,,,,,,,,,,,,,,,,,,,,,,,,,,,,,,,,,,,,,,,,,,,,,,,,,,,,,,,,,,,,,,,,,,,,,,,
4,SANTA BARBARA COUNTY PSYCHIATRIC HEALTH FACILITY (054125),07/2020,054125,2020,07,SANTA BARBARA COUNTY PSYCHIATRIC HEALTH FACILITY,315 CAMINO DEL REMEDIO,SANTA BARBARA,SANTA BARBARA,CA,93110.0,Not Available,Not Available,No,Government,Psychiatric,Not Available,,,Not Available,Not Available,Not Available,Not Available,Not Available,,,,,,,,,,,,,,,,,,,,,,,,,,,,,,,,,,,,,,,,,,,,,,,,,,,,,,,,,,,,,,,,,,,,,,,,,,,,,,,,,,,,,,,,,,,,,,,,,,,,,,,,,,,,,,,,,,,,,,,,,,,,,,,,,,,,,,,,,,,,,,,,,,,,,,,,,,,,,,,,,,,,,,,,,,,,,,,,,,,,,,,,,,,,,,,,,,,,,,,,,,,,,,,,,,,,,,,,,,,,,,,,,,,,,,,,,,,,,,,,,,,,,,,,,,,,,,,,,,,,,,,,,,,,,,,,,,,,,,,,,,,,,,,,,,,,,,,,,,,,,,,,,,,,,,,,,,,,,,,,,,,,,,,,,,,,,,,,,,,,,,,,,,,,,,,,,,,,,,,,,,,,,,,,,,,,,,,,,,,,,,,,,,,,,,,,,,,,,,,,,,,,,,,,,,,,,,,,,,,,,,,,,,,,,,,,,,,,,,,,,,,,,,,,,,,,,,,,,,,,,,,,,,,,,,,,,,,,,,,,,,,,,,,,,,,,,,,,,,,,,,,,,,,,,,,,,,,,,,,,,,,,,,,,,,,,,,,,,,,,,,,,,,,,,,,,,,,,,,,,,,,,,,,,,,,,,,,,,,,,,,,,,,,,,,,,,,,,,,,,,,,,,,,,,,,,,,,,,,,,,,,,,,,,,,,,,,,,,,,,,,,,,,,,,,,,,,,,,,,,,,,,,,,,,,,,,,,,,,,,,,,,,,,,,,,,,,,,,,,,,,,,,,,,,,,,,,,,,,,,,,,,,,,,,,,,,,,,,,,,,,,,,,
5,SANTA BARBARA COUNTY PSYCHIATRIC HEALTH FACILITY (054125),10/2020,054125,2020,10,SANTA BARBARA COUNTY PSYCHIATRIC HEALTH FACILITY,315 CAMINO DEL REMEDIO,SANTA BARBARA,SANTA BARBARA,CA,93110.0,Not Available,Not Available,No,Government,Psychiatric,Not Available,,,Not Available,Not Available,Not Available,Not Available,Not Available,,,,,,,,,,,,,,,,,,,,,,,,,,,,,,,,,,,,,,,,,,,,,,,,,,,,,,,,,,,,,,,,,,,,,,,,,,,,,,,,,,,,,,,,,,,,,,,,,,,,,,,,,,,,,,,,,,,,,,,,,,,,,,,,,,,,,,,,,,,,,,,,,,,,,,,,,,,,,,,,,,,,,,,,,,,,,,,,,,,,,,,,,,,,,,,,,,,,,,,,,,,,,,,,,,,,,,,,,,,,,,,,,,,,,,,,,,,,,,,,,,,,,,,,,,,,,,,,,,,,,,,,,,,,,,,,,,,,,,,,,,,,,,,,,,,,,,,,,,,,,,,,,,,,,,,,,,,,,,,,,,,,,,,,,,,,,,,,,,,,,,,,,,,,,,,,,,,,,,,,,,,,,,,,,,,,,,,,,,,,,,,,,,,,,,,,,,,,,,,,,,,,,,,,,,,,,,,,,,,,,,,,,,,,,,,,,,,,,,,,,,,,,,,,,,,,,,,,,,,,,,,,,,,,,,,,,,,,,,,,,,,,,,,,,,,,,,,,,,,,,,,,,,,,,,,,,,,,,,,,,,,,,,,,,,,,,,,,,,,,,,,,,,,,,,,,,,,,,,,,,,,,,,,,,,,,,,,,,,,,,,,,,,,,,,,,,,,,,,,,,,,,,,,,,,,,,,,,,,,,,,,,,,,,,,,,,,,,,,,,,,,,,,,,,,,,,,,,,,,,,,,,,,,,,,,,,,,,,,,,,,,,,,,,,,,,,,,,,,,,,,,,,,,,,,,,,,,,,,,,,,,,,,,,,,,,,,,,,,,,,,,,,,
6,SANTA BARBARA COUNTY PSYCHIATRIC HEALTH FACILITY (054125),01/2021,054125,2021,01,SANTA BARBARA COUNTY PSYCHIATRIC HEALTH FACILITY,315 CAMINO DEL REMEDIO,SANTA BARBARA,SANTA BARBARA,CA,93110.0,Not Available,Not Available,No,Government,Psychiatric,Not Available,,,Not Available,Not Available,Not Available,Not Available,Not Available,,,,,,,,,,,,,,,,,,,,,,,,,,,,,,,,,,,,,,,,,,,,,,,,,,,,,,,,,,,,,,,,,,,,,,,,,,,,,,,,,,,,,,,,,,,,,,,,,,,,,,,,,,,,,,,,,,,,,,,,,,,,,,,,,,,,,,,,,,,,,,,,,,,,,,,,,,,,,,,,,,,,,,,,,,,,,,,,,,,,,,,,,,,,,,,,,,,,,,,,,,,,,,,,,,,,,,,,,,,,,,,,,,,,,,,,,,,,,,,,,,,,,,,,,,,,,,,,,,,,,,,,,,,,,,,,,,,,,,,,,,,,,,,,,,,,,,,,,,,,,,,,,,,,,,,,,,,,,,,,,,,,,,,,,,,,,,,,,,,,,,,,,,,,,,,,,,,,,,,,,,,,,,,,,,,,,,,,,,,,,,,,,,,,,,,,,,,,,,,,,,,,,,,,,,,,,,,,,,,,,,,,,,,,,,,,,,,,,,,,,,,,,,,,,,,,,,,,,,,,,,,,,,,,,,,,,,,,,,,,,,,,,,,,,,,,,,,,,,,,,,,,,,,,,,,,,,,,,,,,,,,,,,,,,,,,,,,,,,,,,,,,,,,,,,,,,,,,,,,,,,,,,,,,,,,,,,,,,,,,,,,,,,,,,,,,,,,,,,,,,,,,,,,,,,,,,,,,,,,,,,,,,,,,,,,,,,,,,,,,,,,,,,,,,,,,,,,,,,,,,,,,,,,,,,,,,,,,,,,,,,,,,,,,,,,,,,,,,,,,,,,,,,,,,,,,,,,,,,,,,,,,,,,,,,,,,,,,,,,,,,,,,,
7,SANTA BARBARA COUNTY PSYCHIATRIC HEALTH FACILITY (054125),03/2021,054125,2021,03,SANTA BARBARA COUNTY PSYCHIATRIC HEALTH FACILITY,315 CAMINO DEL REMEDIO,SANTA BARBARA,SANTA BARBARA,CA,93110.0,Not Available,Not Available,No,Government,Psychiatric,Not Available,,,Not Available,Not Available,Not Available,Not Available,Not Available,,,,,,,,,,,,,,,,,,,,,,,,,,,,,,,,,,,,,,,,,,,,,,,,,,,,,,,,,,,,,,,,,,,,,,,,,,,,,,,,,,,,,,,,,,,,,,,,,,,,,,,,,,,,,,,,,,,,,,,,,,,,,,,,,,,,,,,,,,,,,,,,,,,,,,,,,,,,,,,,,,,,,,,,,,,,,,,,,,,,,,,,,,,,,,,,,,,,,,,,,,,,,,,,,,,,,,,,,,,,,,,,,,,,,,,,,,,,,,,,,,,,,,,,,,,,,,,,,,,,,,,,,,,,,,,,,,,,,,,,,,,,,,,,,,,,,,,,,,,,,,,,,,,,,,,,,,,,,,,,,,,,,,,,,,,,,,,,,,,,,,,,,,,,,,,,,,,,,,,,,,,,,,,,,,,,,,,,,,,,,,,,,,,,,,,,,,,,,,,,,,,,,,,,,,,,,,,,,,,,,,,,,,,,,,,,,,,,,,,,,,,,,,,,,,,,,,,,,,,,,,,,,,,,,,,,,,,,,,,,,,,,,,,,,,,,,,,,,,,,,,,,,,,,,,,,,,,,,,,,,,,,,,,,,,,,,,,,,,,,,,,,,,,,,,,,,,,,,,,,,,,,,,,,,,,,,,,,,,,,,,,,,,,,,,,,,,,,,,,,,,,,,,,,,,,,,,,,,,,,,,,,,,,,,,,,,,,,,,,,,,,,,,,,,,,,,,,,,,,,,,,,,,,,,,,,,,,,,,,,,,,,,,,,,,,,,,,,,,,,,,,,,,,,,,,,,,,,,,,,,,,,,,,,,,,,,,,,,,,,,,,,,,
8,SANTA BARBARA COUNTY PSYCHIATRIC HEALTH FACILITY (054125),04/2021,054125,2021,04,SANTA BARBARA COUNTY PSYCHIATRIC HEALTH FACILITY,315 CAMINO DEL REMEDIO,SANTA BARBARA,Santa Barbara,CA,93110.0,,,No,Government,Psychiatric,Not Available,,,,,,,,,,,,,,,,,,,,,,,,,,,,,,,,,,,,,,,,,,,,,,,,,,,,,,,,,,,,,,,,,,,,,,,,,,,,,,,,,,,,,,,,,,,,,,,,,,,,,,,,,,,,,,,,,,,,,,,,,,,,,,,,,,,,,,,,,,,,,,,,,,,,,,,,,,,,,,,,,,,,,,,,,,,,,,,,,,,,,,,,,,,,,,,,,,,,,,,,,,,,,,,,,,,,,,,,,,,,,,,,,,,,,,,,,,,,,,,,,,,,,,,,,,,,,,,,,,,,,,,,,,,,,,,,,,,,,,,,,,,,,,,,,,,,,,,,,,,,,,,,,,,,,,,,,,,,,,,,,,,,,,,,,,,,,,,,,,,,,,,,,,,,,,,,,,,,,,,,,,,,,,,,,,,,,,,,,,,,,,,,,,,,,,,,,,,,,,,,,,,,,,,,,,,,,,,,,,,,,,,,,,,,,,,,,,,,,,,,,,,,,,,,,,,,,,,,,,,,,,,,,,,,,,,,,,,,,,,,,,,,,,,,,,,,,,,,,,,,,,,,,,,,,,,,,,,,,,,,,,,,,,,,,,,,,,,,,,,,,,,,,,,,,,,,,,,,,,,,,,,,,,,,,,,,,,,,,,,,,,,,,,,,,,,,,,,,,,,,,,,,,,,,,,,,,,,,,,,,,,,,,,,,,,,,,,,,,,,,,,,,,,,,,,,,,,,,,,,,,,,,,,,,,,,,,,,,,,,,,,,,,,,,,,,,,,,,,,,,,,,,,,,,,,,,,,,,,,,,,,,,,,,,,,,,,,,,,,,,,,,,,,,,,,,,,
9,SANTA BARBARA COUNTY PSYCHIATRIC HEALTH FACILITY (054125),07/2021,054125,2021,07,SANTA BARBARA COUNTY PSYCHIATRIC HEALTH FACILITY,315 CAMINO DEL REMEDIO,SANTA BARBARA,Santa Barbara,CA,93110.0,,,No,Government,Psychiatric,Not Available,,,,,,,,,,,,,,,,,,,,,,,,,,,,,,,,,,,,,,,,,,,,,,,,,,,,,,,,,,,,,,,,,,,,,,,,,,,,,,,,,,,,,,,,,,,,,,,,,,,,,,,,,,,,,,,,,,,,,,,,,,,,,,,,,,,,,,,,,,,,,,,,,,,,,,,,,,,,,,,,,,,,,,,,,,,,,,,,,,,,,,,,,,,,,,,,,,,,,,,,,,,,,,,,,,,,,,,,,,,,,,,,,,,,,,,,,,,,,,,,,,,,,,,,,,,,,,,,,,,,,,,,,,,,,,,,,,,,,,,,,,,,,,,,,,,,,,,,,,,,,,,,,,,,,,,,,,,,,,,,,,,,,,,,,,,,,,,,,,,,,,,,,,,,,,,,,,,,,,,,,,,,,,,,,,,,,,,,,,,,,,,,,,,,,,,,,,,,,,,,,,,,,,,,,,,,,,,,,,,,,,,,,,,,,,,,,,,,,,,,,,,,,,,,,,,,,,,,,,,,,,,,,,,,,,,,,,,,,,,,,,,,,,,,,,,,,,,,,,,,,,,,,,,,,,,,,,,,,,,,,,,,,,,,,,,,,,,,,,,,,,,,,,,,,,,,,,,,,,,,,,,,,,,,,,,,,,,,,,,,,,,,,,,,,,,,,,,,,,,,,,,,,,,,,,,,,,,,,,,,,,,,,,,,,,,,,,,,,,,,,,,,,,,,,,,,,,,,,,,,,,,,,,,,,,,,,,,,,,,,,,,,,,,,,,,,,,,,,,,,,,,,,,,,,,,,,,,,,,,,,,,,,,,,,,,,,,,,,,,,,,,,,,,,,,,,,
10,SANTA BARBARA COUNTY PSYCHIATRIC HEALTH FACILITY (054125),10/2021,054125,2021,10,SANTA BARBARA COUNTY PSYCHIATRIC HEALTH FACILITY,315 CAMINO DEL REMEDIO,SANTA BARBARA,Santa Barbara,CA,93110.0,,,No,Government,Psychiatric,Not Available,,,,,,,,,,,,,,,,,,,,,,,,,,,,,,,,,,,,,,,,,,,,,,,,,,,,,,,,,,,,,,,,,,,,,,,,,,,,,,,,,,,,,,,,,,,,,,,,,,,,,,,,,,,,,,,,,,,,,,,,,,,,,,,,,,,,,,,,,,,,,,,,,,,,,,,,,,,,,,,,,,,,,,,,,,,,,,,,,,,,,,,,,,,,,,,,,,,,,,,,,,,,,,,,,,,,,,,,,,,,,,,,,,,,,,,,,,,,,,,,,,,,,,,,,,,,,,,,,,,,,,,,,,,,,,,,,,,,,,,,,,,,,,,,,,,,,,,,,,,,,,,,,,,,,,,,,,,,,,,,,,,,,,,,,,,,,,,,,,,,,,,,,,,,,,,,,,,,,,,,,,,,,,,,,,,,,,,,,,,,,,,,,,,,,,,,,,,,,,,,,,,,,,,,,,,,,,,,,,,,,,,,,,,,,,,,,,,,,,,,,,,,,,,,,,,,,,,,,,,,,,,,,,,,,,,,,,,,,,,,,,,,,,,,,,,,,,,,,,,,,,,,,,,,,,,,,,,,,,,,,,,,,,,,,,,,,,,,,,,,,,,,,,,,,,,,,,,,,,,,,,,,,,,,,,,,,,,,,,,,,,,,,,,,,,,,,,,,,,,,,,,,,,,,,,,,,,,,,,,,,,,,,,,,,,,,,,,,,,,,,,,,,,,,,,,,,,,,,,,,,,,,,,,,,,,,,,,,,,,,,,,,,,,,,,,,,,,,,,,,,,,,,,,,,,,,,,,,,,,,,,,,,,,,,,,,,,,,,,,,,,,,,,,,,,,,,
11,SANTA BARBARA COUNTY PSYCHIATRIC HEALTH FACILITY (054125),01/2022,054125,2022,01,SANTA BARBARA COUNTY PSYCHIATRIC HEALTH FACILITY,315 CAMINO DEL REMEDIO,SANTA BARBARA,SANTA BARBARA,CA,93110.0,,,No,Government,Psychiatric,Not Available,,,,,,,,,,,,,,,,,,,,,,,,,,,,,,,,,,,,,,,,,,,,,,,,,,,,,,,,,,,,,,,,,,,,,,,,,,,,,,,,,,,,,,,,,,,,,,,,,,,,,,,,,,,,,,,,,,,,,,,,,,,,,,,,,,,,,,,,,,,,,,,,,,,,,,,,,,,,,,,,,,,,,,,,,,,,,,,,,,,,,,,,,,,,,,,,,,,,,,,,,,,,,,,,,,,,,,,,,,,,,,,,,,,,,,,,,,,,,,,,,,,,,,,,,,,,,,,,,,,,,,,,,,,,,,,,,,,,,,,,,,,,,,,,,,,,,,,,,,,,,,,,,,,,,,,,,,,,,,,,,,,,,,,,,,,,,,,,,,,,,,,,,,,,,,,,,,,,,,,,,,,,,,,,,,,,,,,,,,,,,,,,,,,,,,,,,,,,,,,,,,,,,,,,,,,,,,,,,,,,,,,,,,,,,,,,,,,,,,,,,,,,,,,,,,,,,,,,,,,,,,,,,,,,,,,,,,,,,,,,,,,,,,,,,,,,,,,,,,,,,,,,,,,,,,,,,,,,,,,,,,,,,,,,,,,,,,,,,,,,,,,,,,,,,,,,,,,,,,,,,,,,,,,,,,,,,,,,,,,,,,,,,,,,,,,,,,,,,,,,,,,,,,,,,,,,,,,,,,,,,,,,,,,,,,,,,,,,,,,,,,,,,,,,,,,,,,,,,,,,,,,,,,,,,,,,,,,,,,,,,,,,,,,,,,,,,,,,,,,,,,,,,,,,,,,,,,,,,,,,,,,,,,,,,,,,,,,,,,,,,,,,,,,,,,,,,
12,SANTA BARBARA COUNTY PSYCHIATRIC HEALTH FACILITY (054125),04/2022,054125,2022,04,SANTA BARBARA COUNTY PSYCHIATRIC HEALTH FACILITY,315 CAMINO DEL REMEDIO,SANTA BARBARA,SANTA BARBARA,CA,93110.0,,,No,Government,Psychiatric,Not Available,,,,,,,,,,,,,,,,,,,,,,,,,,,,,,,,,,,,,,,,,,,,,,,,,,,,,,,,,,,,,,,,,,,,,,,,,,,,,,,,,,,,,,,,,,,,,,,,,,,,,,,,,,,,,,,,,,,,,,,,,,,,,,,,,,,,,,,,,,,,,,,,,,,,,,,,,,,,,,,,,,,,,,,,,,,,,,,,,,,,,,,,,,,,,,,,,,,,,,,,,,,,,,,,,,,,,,,,,,,,,,,,,,,,,,,,,,,,,,,,,,,,,,,,,,,,,,,,,,,,,,,,,,,,,,,,,,,,,,,,,,,,,,,,,,,,,,,,,,,,,,,,,,,,,,,,,,,,,,,,,,,,,,,,,,,,,,,,,,,,,,,,,,,,,,,,,,,,,,,,,,,,,,,,,,,,,,,,,,,,,,,,,,,,,,,,,,,,,,,,,,,,,,,,,,,,,,,,,,,,,,,,,,,,,,,,,,,,,,,,,,,,,,,,,,,,,,,,,,,,,,,,,,,,,,,,,,,,,,,,,,,,,,,,,,,,,,,,,,,,,,,,,,,,,,,,,,,,,,,,,,,,,,,,,,,,,,,,,,,,,,,,,,,,,,,,,,,,,,,,,,,,,,,,,,,,,,,,,,,,,,,,,,,,,,,,,,,,,,,,,,,,,,,,,,,,,,,,,,,,,,,,,,,,,,,,,,,,,,,,,,,,,,,,,,,,,,,,,,,,,,,,,,,,,,,,,,,,,,,,,,,,,,,,,,,,,,,,,,,,,,,,,,,,,,,,,,,,,,,,,,,,,,,,,,,,,,,,,,,,,,,,,,,,,,,,,
13,SANTA BARBARA COUNTY PSYCHIATRIC HEALTH FACILITY (054125),07/2022,054125,2022,07,SANTA BARBARA COUNTY PSYCHIATRIC HEALTH FACILITY,315 CAMINO DEL REMEDIO,SANTA BARBARA,SANTA BARBARA,CA,93110.0,,,No,Government,Psychiatric,Not Available,,,,,,,,,,,,,,,,,,,,,,,,,,,,,,,,,,,,,,,,,,,,,,,,,,,,,,,,,,,,,,,,,,,,,,,,,,,,,,,,,,,,,,,,,,,,,,,,,,,,,,,,,,,,,,,,,,,,,,,,,,,,,,,,,,,,,,,,,,,,,,,,,,,,,,,,,,,,,,,,,,,,,,,,,,,,,,,,,,,,,,,,,,,,,,,,,,,,,,,,,,,,,,,,,,,,,,,,,,,,,,,,,,,,,,,,,,,,,,,,,,,,,,,,,,,,,,,,,,,,,,,,,,,,,,,,,,,,,,,,,,,,,,,,,,,,,,,,,,,,,,,,,,,,,,,,,,,,,,,,,,,,,,,,,,,,,,,,,,,,,,,,,,,,,,,,,,,,,,,,,,,,,,,,,,,,,,,,,,,,,,,,,,,,,,,,,,,,,,,,,,,,,,,,,,,,,,,,,,,,,,,,,,,,,,,,,,,,,,,,,,,,,,,,,,,,,,,,,,,,,,,,,,,,,,,,,,,,,,,,,,,,,,,,,,,,,,,,,,,,,,,,,,,,,,,,,,,,,,,,,,,,,,,,,,,,,,,,,,,,,,,,,,,,,,,,,,,,,,,,,,,,,,,,,,,,,,,,,,,,,,,,,,,,,,,,,,,,,,,,,,,,,,,,,,,,,,,,,,,,,,,,,,,,,,,,,,,,,,,,,,,,,,,,,,,,,,,,,,,,,,,,,,,,,,,,,,,,,,,,,,,,,,,,,,,,,,,,,,,,,,,,,,,,,,,,,,,,,,,,,,,,,,,,,,,,,,,,,,,,,,,,,,,,,,,,,
14,SANTA BARBARA COUNTY PSYCHIATRIC HEALTH FACILITY (054125),01/2023,054125,2023,01,SANTA BARBARA COUNTY PSYCHIATRIC HEALTH FACILITY,315 CAMINO DEL REMEDIO,SANTA BARBARA,SANTA BARBARA,CA,93110.0,,,No,Government,Psychiatric,Not Available,,,,,,,,,,,,,,,,,,,,,,,,,,,,,,,,,,,,,,,,,,,,,,,,,,,,,,,,,,,,,,,,,,,,,,,,,,,,,,,,,,,,,,,,,,,,,,,,,,,,,,,,,,,,,,,,,,,,,,,,,,,,,,,,,,,,,,,,,,,,,,,,,,,,,,,,,,,,,,,,,,,,,,,,,,,,,,,,,,,,,,,,,,,,,,,,,,,,,,,,,,,,,,,,,,,,,,,,,,,,,,,,,,,,,,,,,,,,,,,,,,,,,,,,,,,,,,,,,,,,,,,,,,,,,,,,,,,,,,,,,,,,,,,,,,,,,,,,,,,,,,,,,,,,,,,,,,,,,,,,,,,,,,,,,,,,,,,,,,,,,,,,,,,,,,,,,,,,,,,,,,,,,,,,,,,,,,,,,,,,,,,,,,,,,,,,,,,,,,,,,,,,,,,,,,,,,,,,,,,,,,,,,,,,,,,,,,,,,,,,,,,,,,,,,,,,,,,,,,,,,,,,,,,,,,,,,,,,,,,,,,,,,,,,,,,,,,,,,,,,,,,,,,,,,,,,,,,,,,,,,,,,,,,,,,,,,,,,,,,,,,,,,,,,,,,,,,,,,,,,,,,,,,,,,,,,,,,,,,,,,,,,,,,,,,,,,,,,,,,,,,,,,,,,,,,,,,,,,,,,,,,,,,,,,,,,,,,,,,,,,,,,,,,,,,,,,,,,,,,,,,,,,,,,,,,,,,,,,,,,,,,,,,,,,,,,,,,,,,,,,,,,,,,,,,,,,,,,,,,,,,,,,,,,,,,,,,,,,,,,,,,,,,,,,,,,,
15,SANTA BARBARA COUNTY PSYCHIATRIC HEALTH FACILITY (054125),04/2023,054125,2023,04,SANTA BARBARA COUNTY PSYCHIATRIC HEALTH FACILITY,315 CAMINO DEL REMEDIO,SANTA BARBARA,SANTA BARBARA,CA,93110.0,,,No,Government,Psychiatric,Not Available,,,,,,,,,,,,,,,,,,,,,,,,,,,,,,,,,,,,,,,,,,,,,,,,,,,,,,,,,,,,,,,,,,,,,,,,,,,,,,,,,,,,,,,,,,,,,,,,,,,,,,,,,,,,,,,,,,,,,,,,,,,,,,,,,,,,,,,,,,,,,,,,,,,,,,,,,,,,,,,,,,,,,,,,,,,,,,,,,,,,,,,,,,,,,,,,,,,,,,,,,,,,,,,,,,,,,,,,,,,,,,,,,,,,,,,,,,,,,,,,,,,,,,,,,,,,,,,,,,,,,,,,,,,,,,,,,,,,,,,,,,,,,,,,,,,,,,,,,,,,,,,,,,,,,,,,,,,,,,,,,,,,,,,,,,,,,,,,,,,,,,,,,,,,,,,,,,,,,,,,,,,,,,,,,,,,,,,,,,,,,,,,,,,,,,,,,,,,,,,,,,,,,,,,,,,,,,,,,,,,,,,,,,,,,,,,,,,,,,,,,,,,,,,,,,,,,,,,,,,,,,,,,,,,,,,,,,,,,,,,,,,,,,,,,,,,,,,,,,,,,,,,,,,,,,,,,,,,,,,,,,,,,,,,,,,,,,,,,,,,,,,,,,,,,,,,,,,,,,,,,,,,,,,,,,,,,,,,,,,,,,,,,,,,,,,,,,,,,,,,,,,,,,,,,,,,,,,,,,,,,,,,,,,,,,,,,,,,,,,,,,,,,,,,,,,,,,,,,,,,,,,,,,,,,,,,,,,,,,,,,,,,,,,,,,,,,,,,,,,,,,,,,,,,,,,,,,,,,,,,,,,,,,,,,,,,,,,,,,,,,,,,,,,,,,,,,
