,Facility ID,Facility Name,file_month,file_year,Healthcare Associated Infections: CLABSI (SIR),Healthcare Associated Infections: CLABSI Number of Device Days,Healthcare Associated Infections: CLABSI Number of Procedures,Healthcare Associated Infections: CLABSI Observed Cases,Healthcare Associated Infections: CLABSI Predicted Cases,Healthcare Associated Infections: CLABSI SIR (ICUs only),Healthcare Associated Infections: CLABSI lower CL,Healthcare Associated Infections: CLABSI upper CL,Healthcare Associated Infections: CAUTI (SIR),Healthcare Associated Infections: CAUTI Number of Procedures,Healthcare Associated Infections: CAUTI Observed Cases,Healthcare Associated Infections: CAUTI Predicted Cases,Healthcare Associated Infections: CAUTI SIR (ICUs only),Healthcare Associated Infections: CAUTI Urinary Catheter Days,Healthcare Associated Infections: CAUTI lower CL,Healthcare Associated Infections: CAUTI upper CL,Healthcare Associated Infections: MRSA (SIR),Healthcare Associated Infections: MRSA Observed Cases,Healthcare Associated Infections: MRSA Predicted Cases,Healthcare Associated Infections: MRSA lower CL,Healthcare Associated Infections: MRSA patient days,Healthcare Associated Infections: MRSA upper CL,Healthcare Associated Infections: CDIFF (SIR),Healthcare Associated Infections: CDIFF Observed Cases,Healthcare Associated Infections: CDIFF Predicted Cases,Healthcare Associated Infections: CDIFF lower CL,Healthcare Associated Infections: CDIFF patient days,Healthcare Associated Infections: CDIFF upper CL,Healthcare Associated Infections: SSI Colon Number of Procedures,Healthcare Associated Infections: SSI Colon Observed Cases,Healthcare Associated Infections: SSI Colon Predicted Cases,Healthcare Associated Infections: SSI Colon Surgery (SIR),Healthcare Associated Infections: SSI Colon lower CL,Healthcare Associated Infections: SSI Colon upper CL,Healthcare Associated Infections: SSI Abdominal Hysterectomy (SIR),Healthcare Associated Infections: SSI Abdominal Number of Procedures,Healthcare Associated Infections: SSI Abdominal Observed Cases,Healthcare Associated Infections: SSI Abdominal Predicted Cases,Healthcare Associated Infections: SSI Abdominal lower CL,Healthcare Associated Infections: SSI Abdominal upper CL,HVBP Total Performance: Total Performance Score,HVBP Total Performance: Unweighted Normalized Clinical Outcomes Domain Score,HVBP Total Performance: Unweighted Normalized Efficiency And Cost Reduction Domain Score,HVBP Total Performance: Unweighted Normalized Safety Domain Score,HVBP Total Performance: Unweighted Person And Community Engagement Domain Score,HVBP Total Performance: Weighted Efficiency And Cost Reduction Domain Score,HVBP Total Performance: Weighted Normalized Clinical Outcomes Domain Score,HVBP Total Performance: Weighted Person And Community Engagement Domain Score,HVBP Total Performance: Weighted Safety Domain Score,HVBP Total Performance: Unweighted Normalized Efficiency and Cost Reduction Domain Score,HVBP Total Performance: Unweighted Person and Community Engagement Domain Score,HVBP Total Performance: Weighted Efficiency and Cost Reduction Domain Score,HVBP Total Performance: Weighted Person and Community Engagement Domain Score,HVBP Total Performance: Unweighted Normalized Clinical Care Domain Score,HVBP Total Performance: Weighted Normalized Clinical Care Domain Score,HVBP Total Performance: Unweighted Patient and Caregiver Centered Experience of Care/Care Coordination Domain Score,HVBP Total Performance: Weighted Patient and Caregiver Centered Experience of Care/Care Coordination Domain Score,HVBP Total Performance: Unweighted Normalized Clinical Care - Outcomes Domain Score,HVBP Total Performance: Unweighted Normalized Clinical Care - Process Domain Score,HVBP Total Performance: Weighted Clinical Care - Process Domain Score,HVBP Total Performance: Weighted Normalized Clinical Care - Outcomes Domain Score,HVBP Total Performance: Unweighted Normalized Clinical Process of Care Domain Score,HVBP Total Performance: Unweighted Normalized Efficiency Domain Score,HVBP Total Performance: Unweighted Normalized Outcome Domain Score,HVBP Total Performance: Unweighted Patient Experience of Care Domain Score,HVBP Total Performance: Weighted Clinical Process of Care Domain Score,HVBP Total Performance: Weighted Efficiency Domain Score,HVBP Total Performance: Weighted Outcome Domain Score,HVBP Total Performance: Weighted Patient Experience of Care Domain Score,HVBP Clinical Outcomes: COMP-HIP-KNEE Achievement Points,HVBP Clinical Outcomes: COMP-HIP-KNEE Achievement Threshold,HVBP Clinical Outcomes: COMP-HIP-KNEE Baseline Rate,HVBP Clinical Outcomes: COMP-HIP-KNEE Benchmark,HVBP Clinical Outcomes: COMP-HIP-KNEE Improvement Points,HVBP Clinical Outcomes: COMP-HIP-KNEE Measure Score,HVBP Clinical Outcomes: COMP-HIP-KNEE Performance Rate,HVBP Clinical Outcomes: MORT-30-AMI Achievement Points,HVBP Clinical Outcomes: MORT-30-AMI Achievement Threshold,HVBP Clinical Outcomes: MORT-30-AMI Baseline Rate,HVBP Clinical Outcomes: MORT-30-AMI Benchmark,HVBP Clinical Outcomes: MORT-30-AMI Improvement Points,HVBP Clinical Outcomes: MORT-30-AMI Measure Score,HVBP Clinical Outcomes: MORT-30-AMI Performance Rate,HVBP Clinical Outcomes: MORT-30-CABG Achievement Points,HVBP Clinical Outcomes: MORT-30-CABG Achievement Threshold,HVBP Clinical Outcomes: MORT-30-CABG Baseline Rate,HVBP Clinical Outcomes: MORT-30-CABG Benchmark,HVBP Clinical Outcomes: MORT-30-CABG Improvement Points,HVBP Clinical Outcomes: MORT-30-CABG Measure Score,HVBP Clinical Outcomes: MORT-30-CABG Performance Rate,HVBP Clinical Outcomes: MORT-30-COPD Achievement Points,HVBP Clinical Outcomes: MORT-30-COPD Achievement Threshold,HVBP Clinical Outcomes: MORT-30-COPD Baseline Rate,HVBP Clinical Outcomes: MORT-30-COPD Benchmark,HVBP Clinical Outcomes: MORT-30-COPD Improvement Points,HVBP Clinical Outcomes: MORT-30-COPD Measure Score,HVBP Clinical Outcomes: MORT-30-COPD Performance Rate,HVBP Clinical Outcomes: MORT-30-HF Achievement Points,HVBP Clinical Outcomes: MORT-30-HF Achievement Threshold,HVBP Clinical Outcomes: MORT-30-HF Baseline Rate,HVBP Clinical Outcomes: MORT-30-HF Benchmark,HVBP Clinical Outcomes: MORT-30-HF Improvement Points,HVBP Clinical Outcomes: MORT-30-HF Measure Score,HVBP Clinical Outcomes: MORT-30-HF Performance Rate,HVBP Clinical Outcomes: MORT-30-PN Achievement Points,HVBP Clinical Outcomes: MORT-30-PN Achievement Threshold,HVBP Clinical Outcomes: MORT-30-PN Baseline Rate,HVBP Clinical Outcomes: MORT-30-PN Benchmark,HVBP Clinical Outcomes: MORT-30-PN Improvement Points,HVBP Clinical Outcomes: MORT-30-PN Measure Score,HVBP Clinical Outcomes: MORT-30-PN Performance Rate,HVBP Clinical Outcomes: Combined SSI Measure Score,HVBP Clinical Outcomes: HAI-1 Achievement Points,HVBP Clinical Outcomes: HAI-1 Improvement Points,HVBP Clinical Outcomes: HAI-1 Measure Score,HVBP Clinical Outcomes: HAI-1 Performance_Rate,HVBP Clinical Outcomes: HAI-2 Achievement Points,HVBP Clinical Outcomes: HAI-2 Improvement Points,HVBP Clinical Outcomes: HAI-2 Measure Score,HVBP Clinical Outcomes: HAI-2 Performance Rate,HVBP Clinical Outcomes: HAI-3 Achievement Points,HVBP Clinical Outcomes: HAI-3 Improvement Points,HVBP Clinical Outcomes: HAI-3 Measure Score,HVBP Clinical Outcomes: HAI-3 Performance Rate,HVBP Clinical Outcomes: HAI-4 Achievement Points,HVBP Clinical Outcomes: HAI-4 Improvement Points,HVBP Clinical Outcomes: HAI-4 Measure Score,HVBP Clinical Outcomes: HAI-4 Performance Rate,HVBP Clinical Outcomes: PSI-90 Achievement Points,HVBP Clinical Outcomes: PSI-90 Improvement Points,HVBP Clinical Outcomes: PSI-90 Measure Score,HVBP Clinical Outcomes: PSI-90 Performance Rate,HVBP Clinical Outcomes: HAI-1 Performance Rate,HVBP Efficiency: MSPB-1 Achievement Points,HVBP Efficiency: MSPB-1 Achievement Threshold,HVBP Efficiency: MSPB-1 Baseline Rate,HVBP Efficiency: MSPB-1 Benchmark,HVBP Efficiency: MSPB-1 Improvement Points,HVBP Efficiency: MSPB-1 Measure Score,HVBP Efficiency: MSPB-1 Performance Rate,HVBP Safety: Combined SSI Measure Score,HVBP Safety: HAI-1 Achievement Points,HVBP Safety: HAI-1 Achievement Threshold,HVBP Safety: HAI-1 Baseline Rate,HVBP Safety: HAI-1 Benchmark,HVBP Safety: HAI-1 Improvement Points,HVBP Safety: HAI-1 Measure Score,HVBP Safety: HAI-1 Performance Rate,HVBP Safety: HAI-2 Achievement Points,HVBP Safety: HAI-2 Achievement Threshold,HVBP Safety: HAI-2 Baseline Rate,HVBP Safety: HAI-2 Benchmark,HVBP Safety: HAI-2 Improvement Points,HVBP Safety: HAI-2 Measure Score,HVBP Safety: HAI-2 Performance Rate,HVBP Safety: HAI-3 Achievement Points,HVBP Safety: HAI-3 Achievement Threshold,HVBP Safety: HAI-3 Baseline Rate,HVBP Safety: HAI-3 Benchmark,HVBP Safety: HAI-3 Improvement Points,HVBP Safety: HAI-3 Measure Score,HVBP Safety: HAI-3 Performance Rate,HVBP Safety: HAI-4 Achievement Points,HVBP Safety: HAI-4 Achievement Threshold,HVBP Safety: HAI-4 Baseline Rate,HVBP Safety: HAI-4 Benchmark,HVBP Safety: HAI-4 Improvement Points,HVBP Safety: HAI-4 Measure Score,HVBP Safety: HAI-4 Performance Rate,HVBP Safety: HAI-5 Achievement Points,HVBP Safety: HAI-5 Achievement Threshold,HVBP Safety: HAI-5 Baseline Rate,HVBP Safety: HAI-5 Benchmark,HVBP Safety: HAI-5 Improvement Points,HVBP Safety: HAI-5 Measure Score,HVBP Safety: HAI-5 Performance Rate,HVBP Safety: HAI-6 Achievement Points,HVBP Safety: HAI-6 Achievement Threshold,HVBP Safety: HAI-6 Baseline Rate,HVBP Safety: HAI-6 Benchmark,HVBP Safety: HAI-6 Improvement Points,HVBP Safety: HAI-6 Measure Score,HVBP Safety: HAI-6 Performance Rate,HVBP Safety: COMP-HIP-KNEE Achievement Points,HVBP Safety: COMP-HIP-KNEE Achievement Threshold,HVBP Safety: COMP-HIP-KNEE Baseline Rate,HVBP Safety: COMP-HIP-KNEE Benchmark,HVBP Safety: COMP-HIP-KNEE Improvement Points,HVBP Safety: COMP-HIP-KNEE Measure Score,HVBP Safety: COMP-HIP-KNEE Performance Rate,HVBP Safety: MORT-30-AMI Achievement Points,HVBP Safety: MORT-30-AMI Achievement Threshold,HVBP Safety: MORT-30-AMI Baseline Rate,HVBP Safety: MORT-30-AMI Benchmark,HVBP Safety: MORT-30-AMI Improvement Points,HVBP Safety: MORT-30-AMI Measure Score,HVBP Safety: MORT-30-AMI Performance Rate,HVBP Safety: MORT-30-HF Achievement Points,HVBP Safety: MORT-30-HF Achievement Threshold,HVBP Safety: MORT-30-HF Baseline Rate,HVBP Safety: MORT-30-HF Benchmark,HVBP Safety: MORT-30-HF Improvement Points,HVBP Safety: MORT-30-HF Measure Score,HVBP Safety: MORT-30-HF Performance Rate,HVBP Safety: MORT-30-PN Achievement Points,HVBP Safety: MORT-30-PN Achievement Threshold,HVBP Safety: MORT-30-PN Baseline Rate,HVBP Safety: MORT-30-PN Benchmark,HVBP Safety: MORT-30-PN Improvement Points,HVBP Safety: MORT-30-PN Measure Score,HVBP Safety: MORT-30-PN Performance Rate,HVBP Safety: PC-01 Achievement Points,HVBP Safety: PC-01 Achievement Threshold,HVBP Safety: PC-01 Baseline Rate,HVBP Safety: PC-01 Benchmark,HVBP Safety: PC-01 Improvement Points,HVBP Safety: PC-01 Measure Score,HVBP Safety: PC-01 Performance Rate,HVBP Safety: PSI-90 Achievement Points,HVBP Safety: PSI-90 Achievement Threshold,HVBP Safety: PSI-90 Baseline Rate,HVBP Safety: PSI-90 Benchmark,HVBP Safety: PSI-90 Improvement Points,HVBP Safety: PSI-90 Measure Score,HVBP Safety: PSI-90 Performance Rate,HVBP HCAHPS: Care Transition Achievement Points,HVBP HCAHPS: Care Transition Achievement Threshold,HVBP HCAHPS: Care Transition Baseline Rate,HVBP HCAHPS: Care Transition Benchmark,HVBP HCAHPS: Care Transition Dimension Score,HVBP HCAHPS: Care Transition Floor,HVBP HCAHPS: Care Transition Improvement Points,HVBP HCAHPS: Care Transition Performance Rate,HVBP HCAHPS: Cleanliness and Quietness of Hospital Environment Achievement Points,HVBP HCAHPS: Cleanliness and Quietness of Hospital Environment Achievement Threshold,HVBP HCAHPS: Cleanliness and Quietness of Hospital Environment Baseline Rate,HVBP HCAHPS: Cleanliness and Quietness of Hospital Environment Benchmark,HVBP HCAHPS: Cleanliness and Quietness of Hospital Environment Dimension Score,HVBP HCAHPS: Cleanliness and Quietness of Hospital Environment Floor,HVBP HCAHPS: Cleanliness and Quietness of Hospital Environment Improvement Points,HVBP HCAHPS: Cleanliness and Quietness of Hospital Environment Performance Rate,HVBP HCAHPS: Communication about Medicines Achievement Points,HVBP HCAHPS: Communication about Medicines Achievement Threshold,HVBP HCAHPS: Communication about Medicines Baseline Rate,HVBP HCAHPS: Communication about Medicines Benchmark,HVBP HCAHPS: Communication about Medicines Dimension Score,HVBP HCAHPS: Communication about Medicines Floor,HVBP HCAHPS: Communication about Medicines Improvement Points,HVBP HCAHPS: Communication about Medicines Performance Rate,HVBP HCAHPS: Communication with Doctors Achievement Points,HVBP HCAHPS: Communication with Doctors Achievement Threshold,HVBP HCAHPS: Communication with Doctors Baseline Rate,HVBP HCAHPS: Communication with Doctors Benchmark,HVBP HCAHPS: Communication with Doctors Dimension Score,HVBP HCAHPS: Communication with Doctors Floor,HVBP HCAHPS: Communication with Doctors Improvement Points,HVBP HCAHPS: Communication with Doctors Performance Rate,HVBP HCAHPS: Communication with Nurses Achievement Points,HVBP HCAHPS: Communication with Nurses Achievement Threshold,HVBP HCAHPS: Communication with Nurses Baseline Rate,HVBP HCAHPS: Communication with Nurses Benchmark,HVBP HCAHPS: Communication with Nurses Dimension Score,HVBP HCAHPS: Communication with Nurses Floor,HVBP HCAHPS: Communication with Nurses Improvement Points,HVBP HCAHPS: Communication with Nurses Performance Rate,HVBP HCAHPS: Discharge Information Achievement Points,HVBP HCAHPS: Discharge Information Achievement Threshold,HVBP HCAHPS: Discharge Information Baseline Rate,HVBP HCAHPS: Discharge Information Benchmark,HVBP HCAHPS: Discharge Information Dimension Score,HVBP HCAHPS: Discharge Information Floor,HVBP HCAHPS: Discharge Information Improvement Points,HVBP HCAHPS: Discharge Information Performance Rate,HVBP HCAHPS: HCAHPS Base Score,HVBP HCAHPS: HCAHPS Consistency Score,HVBP HCAHPS: Overall Rating of Hospital Achievement Points,HVBP HCAHPS: Overall Rating of Hospital Achievement Threshold,HVBP HCAHPS: Overall Rating of Hospital Baseline Rate,HVBP HCAHPS: Overall Rating of Hospital Benchmark,HVBP HCAHPS: Overall Rating of Hospital Dimension Score,HVBP HCAHPS: Overall Rating of Hospital Floor,HVBP HCAHPS: Overall Rating of Hospital Improvement Points,HVBP HCAHPS: Overall Rating of Hospital Performance Rate,HVBP HCAHPS: Responsiveness of Hospital Staff Achievement Points,HVBP HCAHPS: Responsiveness of Hospital Staff Achievement Threshold,HVBP HCAHPS: Responsiveness of Hospital Staff Baseline Rate,HVBP HCAHPS: Responsiveness of Hospital Staff Benchmark,HVBP HCAHPS: Responsiveness of Hospital Staff Dimension Score,HVBP HCAHPS: Responsiveness of Hospital Staff Floor,HVBP HCAHPS: Responsiveness of Hospital Staff Improvement Points,HVBP HCAHPS: Responsiveness of Hospital Staff Performance Rate,HVBP HCAHPS: Pain Management Achievement Points,HVBP HCAHPS: Pain Management Achievement Threshold,HVBP HCAHPS: Pain Management Baseline Rate,HVBP HCAHPS: Pain Management Benchmark,HVBP HCAHPS: Pain Management Dimension Score,HVBP HCAHPS: Pain Management Floor,HVBP HCAHPS: Pain Management Improvement Points,HVBP HCAHPS: Pain Management Performance Rate,Outpatient Imaging Efficiency: Abdomen CT Use of Contrast Material,Outpatient Imaging Efficiency: Breast Cancer Screening Recall Rates,Outpatient Imaging Efficiency: MRI Lumbar Spine for Low Back Pain,Outpatient Imaging Efficiency: Mammography Follow-up Rates,Outpatient Imaging Efficiency: Outpatients who got cardiac imaging stress tests before low-risk outpatient surgery,Outpatient Imaging Efficiency: Outpatients with brain CT scans who got a sinus CT scan at the same time,Outpatient Imaging Efficiency: Thorax CT Use of Contrast Material,Payment and Value of Care: Payment for heart attack patients (PAYM_30_AMI) Denominator,Payment and Value of Care: Payment for heart attack patients (PAYM_30_AMI) Payment,Payment and Value of Care: Payment for heart attack patients (PAYM_30_AMI) Higher Estimate,Payment and Value of Care: Payment for heart attack patients (PAYM_30_AMI) Lower Estimate,Payment and Value of Care: Payment for heart failure patients (PAYM_30_HF) Denominator,Payment and Value of Care: Payment for heart failure patients (PAYM_30_HF) Payment,Payment and Value of Care: Payment for heart failure patients (PAYM_30_HF) Higher Estimate,Payment and Value of Care: Payment for heart failure patients (PAYM_30_HF) Lower Estimate,Payment and Value of Care: Payment for hip/knee replacement patients (PAYM_90_HIP_KNEE) Denominator,Payment and Value of Care: Payment for hip/knee replacement patients (PAYM_90_HIP_KNEE) Payment,Payment and Value of Care: Payment for hip/knee replacement patients (PAYM_90_HIP_KNEE) Higher Estimate,Payment and Value of Care: Payment for hip/knee replacement patients (PAYM_90_HIP_KNEE) Lower Estimate,Payment and Value of Care: Payment for pneumonia patients (PAYM_30_PN) Denominator,Payment and Value of Care: Payment for pneumonia patients (PAYM_30_PN) Payment,Payment and Value of Care: Payment for pneumonia patients (PAYM_30_PN) Higher Estimate,Payment and Value of Care: Payment for pneumonia patients (PAYM_30_PN) Lower Estimate,Complications and Deaths: AMI 30-Day Mortality Rate (MORT 30 AMI),Complications and Deaths: Abdominopelvic accidental puncture or laceration rate (PSI 15),Complications and Deaths: Acute Myocardial Infarction 30-Day Readmission Rate (READM 30 AMI),Complications and Deaths: Death rate among surgical inpatients with serious treatable complications (PSI 4),Complications and Deaths: Death rate for CABG surgery patients (MORT 30 CABG),Complications and Deaths: Death rate for COPD patients (MORT 30 COPD),Complications and Deaths: Death rate for stroke patients (MORT 30 STK),Complications and Deaths: Heart failure 30-Day Mortality Rate (MORT 30 HF),Complications and Deaths: Heart failure 30-Day Readmission Rate (READM 30 HF),Complications and Deaths: Hospital-wide readmission rate after discharge from hospital (READM 30 HOSP WIDE),Complications and Deaths: Iatrogenic pneumothorax rate (PSI 6),Complications and Deaths: In-hospital fall with hip fracture rate (PSI 8),Complications and Deaths: Infections from a large venous catheter (PSI 7),Complications and Deaths: Patient safety and adverse events composite (PSI 90),Complications and Deaths: Perioperative hemorrhage or hematoma rate (PSI 9),Complications and Deaths: Perioperative pulmonary embolism or deep vein thrombosis rate (PSI 12),Complications and Deaths: Pneumonia 30-Day Mortality Rate (MORT 30 PN),Complications and Deaths: Pneumonia 30-Day Readmission Rate (READM 30 PN),Complications and Deaths: Postoperative acute kidney injury requiring dialysis rate (PSI 10),Complications and Deaths: Postoperative hemorrhage or hematoma rate (PSI 9),Complications and Deaths: Postoperative respiratory failure rate (PSI 11),Complications and Deaths: Postoperative sepsis rate (PSI 13),Complications and Deaths: Postoperative wound dehiscence rate (PSI 14),Complications and Deaths: Pressure ulcer rate (PSI 3),Complications and Deaths: Rate of complications for hip/knee replacement patients (COMP HIP KNEE),Complications and Deaths: Rate of readmission after hip/knee surgery (READM 30 HIP KNEE),Complications and Deaths: Rate of unplanned readmission for COPD patients (READM 30 COPD),Complications and Deaths: Rate of unplanned readmission for stroke patients (READM 30 STK),Timely and Effective Care: ACEI or ARB for LVSD (Score),Timely and Effective Care: ACEI or ARB for LVSD (Sample),Timely and Effective Care: Admit Decision Time to ED Departure Time for Admitted Patients - non psychiatric/mental health disorders (Score),Timely and Effective Care: Admit Decision Time to ED Departure Time for Admitted Patients - non psychiatric/mental health disorders (Sample),Timely and Effective Care: Admit Decision Time to ED Departure Time for Admitted Patients - psychiatric/mental health disorders (Score),Timely and Effective Care: Admit Decision Time to ED Departure Time for Admitted Patients - psychiatric/mental health disorders (Sample),Timely and Effective Care: Admit Decision Time to ED Departure Time for Admitted Patients  psychiatric/mental health disorders (Score),Timely and Effective Care: Admit Decision Time to ED Departure Time for Admitted Patients  psychiatric/mental health disorders (Sample),Timely and Effective Care: Anticoagulation Therapy for Atrial Fibrillation/Flutter (Score),Timely and Effective Care: Anticoagulation Therapy for Atrial Fibrillation/Flutter (Sample),Timely and Effective Care: Anticoagulation overlap therapy (Score),Timely and Effective Care: Anticoagulation overlap therapy (Sample),Timely and Effective Care: Antithrombotic Therapy by End of Hospital Day 2 (Score),Timely and Effective Care: Antithrombotic Therapy by End of Hospital Day 2 (Sample),Timely and Effective Care: Appropriate care for severe sepsis and septic shock (Score),Timely and Effective Care: Appropriate care for severe sepsis and septic shock (Sample),Timely and Effective Care: Aspirin at Arrival (Score),Timely and Effective Care: Aspirin at Arrival (Sample),Timely and Effective Care: Aspirin prescribed at discharge (Score),Timely and Effective Care: Aspirin prescribed at discharge (Sample),Timely and Effective Care: Assessed for Rehabilitation (Score),Timely and Effective Care: Assessed for Rehabilitation (Sample),Timely and Effective Care: Blood Cultures Performed in the ED Prior to Initial Antibiotic Received in Hospital (Score),Timely and Effective Care: Blood Cultures Performed in the ED Prior to Initial Antibiotic Received in Hospital (Sample),Timely and Effective Care: Cardiac surgery patients with controlled 6 a.m. postoperative blood glucose (Score),Timely and Effective Care: Cardiac surgery patients with controlled 6 a.m. postoperative blood glucose (Sample),Timely and Effective Care: Discharge instructions (Score),Timely and Effective Care: Discharge instructions (Sample),Timely and Effective Care: Discharged on Antithrombotic Therapy (Score),Timely and Effective Care: Discharged on Antithrombotic Therapy (Sample),Timely and Effective Care: Discharged on Statin Medication (Score),Timely and Effective Care: Discharged on Statin Medication (Sample),Timely and Effective Care: Door to diagnostic eval (Score),Timely and Effective Care: Door to diagnostic eval (Sample),Timely and Effective Care: Endoscopy/polyp surveillance: appropriate follow-up interval for normal colonoscopy in average risk patients (Score),Timely and Effective Care: Endoscopy/polyp surveillance: appropriate follow-up interval for normal colonoscopy in average risk patients (Sample),Timely and Effective Care: Endoscopy/polyp surveillance: colonoscopy interval for patients with a history of adenomatous polyps - avoidance of inappropriate use (Score),Timely and Effective Care: Endoscopy/polyp surveillance: colonoscopy interval for patients with a history of adenomatous polyps - avoidance of inappropriate use (Sample),Timely and Effective Care: Evaluation of LVS Function (Score),Timely and Effective Care: Evaluation of LVS Function (Sample),Timely and Effective Care: External Beam Radiotherapy for Bone Metastases (Score),Timely and Effective Care: External Beam Radiotherapy for Bone Metastases (Sample),Timely and Effective Care: Fibrinolytic Therapy Received Within 30 Minutes Of Hospital Arrival (Score),Timely and Effective Care: Fibrinolytic Therapy Received Within 30 Minutes Of Hospital Arrival (Sample),Timely and Effective Care: Fibrinolytic Therapy Received Within 30 Minutes of ED Arrival (Score),Timely and Effective Care: Fibrinolytic Therapy Received Within 30 Minutes of ED Arrival (Sample),Timely and Effective Care: Head CT results (Score),Timely and Effective Care: Head CT results (Sample),Timely and Effective Care: Healthcare workers given influenza vaccination (Score),Timely and Effective Care: Healthcare workers given influenza vaccination (Sample),Timely and Effective Care: Home Management Plan of Care Document (Score),Timely and Effective Care: Home Management Plan of Care Document (Sample),Timely and Effective Care: Hospital acquired potentially preventable venous thromboembolism (Score),Timely and Effective Care: Hospital acquired potentially preventable venous thromboembolism (Sample),Timely and Effective Care: ICU venous thromboembolism prophylaxis (Score),Timely and Effective Care: ICU venous thromboembolism prophylaxis (Sample),Timely and Effective Care: Immunization for influenza (Score),Timely and Effective Care: Immunization for influenza (Sample),Timely and Effective Care: Immunization for pneumonia (Score),Timely and Effective Care: Immunization for pneumonia (Sample),Timely and Effective Care: Improvement in Patients Visual Function within 90 Days Following Cataract Surgery (Score),Timely and Effective Care: Improvement in Patients Visual Function within 90 Days Following Cataract Surgery (Sample),Timely and Effective Care: Incidence of potentially preventable VTE (Score),Timely and Effective Care: Incidence of potentially preventable VTE (Sample),Timely and Effective Care: Initial antibiotic selection for CAP in immunocompetent patient (Score),Timely and Effective Care: Initial antibiotic selection for CAP in immunocompetent patient (Sample),Timely and Effective Care: Intensive Care Unit Venous Thromboembolism Prophylaxis (Score),Timely and Effective Care: Intensive Care Unit Venous Thromboembolism Prophylaxis (Sample),Timely and Effective Care: Left before being seen (Score),Timely and Effective Care: Left before being seen (Sample),Timely and Effective Care: Median Time to ECG (Score),Timely and Effective Care: Median Time to ECG (Sample),Timely and Effective Care: Median Time to Fibrinolysis (Score),Timely and Effective Care: Median Time to Fibrinolysis (Sample),Timely and Effective Care: Median Time to Transfer to Another Facility for Acute Coronary Intervention (Score),Timely and Effective Care: Median Time to Transfer to Another Facility for Acute Coronary Intervention (Sample),Timely and Effective Care: Median time Psychiatric/Mental Health patients spent in the ED before leaving from visit (Score),Timely and Effective Care: Median time Psychiatric/Mental Health patients spent in the ED before leaving from visit (Sample),Timely and Effective Care: Median time patients spent in the ED after a doctor admitted them and before leaving the ED for an inpatient room (Score),Timely and Effective Care: Median time patients spent in the ED after a doctor admitted them and before leaving the ED for an inpatient room (Sample),Timely and Effective Care: Median time patients spent in the ED before leaving from visit (Score),Timely and Effective Care: Median time patients spent in the ED before leaving from visit (Sample),Timely and Effective Care: Median time patients spent in the ED before they were admitted as an inpatient (Score),Timely and Effective Care: Median time patients spent in the ED before they were admitted as an inpatient (Sample),Timely and Effective Care: Median time to pain med (Score),Timely and Effective Care: Median time to pain med (Sample),Timely and Effective Care: Percent of newborns whose deliveries were scheduled 1-3 weeks early when a scheduled delivery was not medically necessary (Score),Timely and Effective Care: Percent of newborns whose deliveries were scheduled 1-3 weeks early when a scheduled delivery was not medically necessary (Sample),Timely and Effective Care: Percentage of healthcare personnel who completed COVID-19 primary vaccination series (Score),Timely and Effective Care: Percentage of healthcare personnel who completed COVID-19 primary vaccination series (Sample),Timely and Effective Care: Postoperative Urinary Catheter Removal (Score),Timely and Effective Care: Postoperative Urinary Catheter Removal (Sample),Timely and Effective Care: Primary PCI Received Within 90 Minutes of Hospital Arrival (Score),Timely and Effective Care: Primary PCI Received Within 90 Minutes of Hospital Arrival (Sample),Timely and Effective Care: Prophylactic Antibiotic Initiated Within One Hour Prior to Surgical Incision (Score),Timely and Effective Care: Prophylactic Antibiotic Initiated Within One Hour Prior to Surgical Incision (Sample),Timely and Effective Care: Prophylactic Antibiotic Selection for Surgical Patients (Score),Timely and Effective Care: Prophylactic Antibiotic Selection for Surgical Patients (Sample),Timely and Effective Care: Prophylactic antibiotic received within 1 hour prior to surgical incision (Score),Timely and Effective Care: Prophylactic antibiotic received within 1 hour prior to surgical incision (Sample),Timely and Effective Care: Prophylactic antibiotics discontinued within 24 hours after surgery end time (Score),Timely and Effective Care: Prophylactic antibiotics discontinued within 24 hours after surgery end time (Sample),Timely and Effective Care: Relievers for Inpatient Asthma (Score),Timely and Effective Care: Relievers for Inpatient Asthma (Sample),Timely and Effective Care: Safe Use of Opioids - Concurrent Prescribing (Score),Timely and Effective Care: Safe Use of Opioids - Concurrent Prescribing (Sample),Timely and Effective Care: Septic Shock 3-Hour Bundle (Score),Timely and Effective Care: Septic Shock 3-Hour Bundle (Sample),Timely and Effective Care: Septic Shock 6-Hour Bundle (Score),Timely and Effective Care: Septic Shock 6-Hour Bundle (Sample),Timely and Effective Care: Severe Sepsis 3-Hour Bundle (Score),Timely and Effective Care: Severe Sepsis 3-Hour Bundle (Sample),Timely and Effective Care: Severe Sepsis 6-Hour Bundle (Score),Timely and Effective Care: Severe Sepsis 6-Hour Bundle (Sample),Timely and Effective Care: Statin at Discharge (Score),Timely and Effective Care: Statin at Discharge (Sample),Timely and Effective Care: Stroke Education (Score),Timely and Effective Care: Stroke Education (Sample),Timely and Effective Care: Surgery Patients Who Received Appropriate Venous Thromboembolism Prophylaxis Within 24 Hours Prior to Surgery to 24 Hours After Surgery (Score),Timely and Effective Care: Surgery Patients Who Received Appropriate Venous Thromboembolism Prophylaxis Within 24 Hours Prior to Surgery to 24 Hours After Surgery (Sample),Timely and Effective Care: Surgery Patients on a Beta Blocker Prior to Arrival Who Received a Beta Blocker During the Perioperative Period (Score),Timely and Effective Care: Surgery Patients on a Beta Blocker Prior to Arrival Who Received a Beta Blocker During the Perioperative Period (Sample),Timely and Effective Care: Surgery Patients with Perioperative Temperature Management (Score),Timely and Effective Care: Surgery Patients with Perioperative Temperature Management (Sample),Timely and Effective Care: Systemic Corticosteroids for Inpatient Asthma (Score),Timely and Effective Care: Systemic Corticosteroids for Inpatient Asthma (Sample),Timely and Effective Care: Thrombolytic Therapy (Score),Timely and Effective Care: Thrombolytic Therapy (Sample),Timely and Effective Care: Unfractionated heparin with dosages/platelet count monitoring (Score),Timely and Effective Care: Unfractionated heparin with dosages/platelet count monitoring (Sample),Timely and Effective Care: Venous Thromboembolism Prophylaxis (Score),Timely and Effective Care: Venous Thromboembolism Prophylaxis (Sample),Timely and Effective Care: Warfarin therapy discharge instructions (Score),Timely and Effective Care: Warfarin therapy discharge instructions (Sample),Hospital Readmissions Reduction Program: READM-30-AMI (Excess Readmission Ratio),Hospital Readmissions Reduction Program: READM-30-AMI (Expected Readmission Rate),Hospital Readmissions Reduction Program: READM-30-AMI (Number of Discharges),Hospital Readmissions Reduction Program: READM-30-AMI (Number of Readmissions),Hospital Readmissions Reduction Program: READM-30-AMI (Predicted Readmission Rate),Hospital Readmissions Reduction Program: READM-30-CABG (Excess Readmission Ratio),Hospital Readmissions Reduction Program: READM-30-CABG (Expected Readmission Rate),Hospital Readmissions Reduction Program: READM-30-CABG (Number of Discharges),Hospital Readmissions Reduction Program: READM-30-CABG (Number of Readmissions),Hospital Readmissions Reduction Program: READM-30-CABG (Predicted Readmission Rate),Hospital Readmissions Reduction Program: READM-30-COPD (Excess Readmission Ratio),Hospital Readmissions Reduction Program: READM-30-COPD (Expected Readmission Rate),Hospital Readmissions Reduction Program: READM-30-COPD (Number of Discharges),Hospital Readmissions Reduction Program: READM-30-COPD (Number of Readmissions),Hospital Readmissions Reduction Program: READM-30-COPD (Predicted Readmission Rate),Hospital Readmissions Reduction Program: READM-30-HF (Excess Readmission Ratio),Hospital Readmissions Reduction Program: READM-30-HF (Expected Readmission Rate),Hospital Readmissions Reduction Program: READM-30-HF (Number of Discharges),Hospital Readmissions Reduction Program: READM-30-HF (Number of Readmissions),Hospital Readmissions Reduction Program: READM-30-HF (Predicted Readmission Rate),Hospital Readmissions Reduction Program: READM-30-HIP-KNEE (Excess Readmission Ratio),Hospital Readmissions Reduction Program: READM-30-HIP-KNEE (Expected Readmission Rate),Hospital Readmissions Reduction Program: READM-30-HIP-KNEE (Number of Discharges),Hospital Readmissions Reduction Program: READM-30-HIP-KNEE (Number of Readmissions),Hospital Readmissions Reduction Program: READM-30-HIP-KNEE (Predicted Readmission Rate),Hospital Readmissions Reduction Program: READM-30-PN (Excess Readmission Ratio),Hospital Readmissions Reduction Program: READM-30-PN (Expected Readmission Rate),Hospital Readmissions Reduction Program: READM-30-PN (Number of Discharges),Hospital Readmissions Reduction Program: READM-30-PN (Number of Readmissions),Hospital Readmissions Reduction Program: READM-30-PN (Predicted Readmission Rate),Hospital Acquired Conditions Reduction Program: CAUTI Score,Hospital Acquired Conditions Reduction Program: CAUTI SIR,Hospital Acquired Conditions Reduction Program: CAUTI W Z Score,Hospital Acquired Conditions Reduction Program: CDI Score,Hospital Acquired Conditions Reduction Program: CDI SIR,Hospital Acquired Conditions Reduction Program: CDI W Z Score,Hospital Acquired Conditions Reduction Program: CLABSI Score,Hospital Acquired Conditions Reduction Program: CLABSI SIR,Hospital Acquired Conditions Reduction Program: CLABSI W Z Score,Hospital Acquired Conditions Reduction Program: MRSA Score,Hospital Acquired Conditions Reduction Program: MRSA SIR,Hospital Acquired Conditions Reduction Program: MRSA W Z Score,Hospital Acquired Conditions Reduction Program: SSI Score,Hospital Acquired Conditions Reduction Program: SSI SIR,Hospital Acquired Conditions Reduction Program: SSI W Z Score,Hospital Acquired Conditions Reduction Program: PSI-90 Score,Hospital Acquired Conditions Reduction Program: PSI-90 W Z Score,Hospital Acquired Conditions Reduction Program: Domain 1 Score,Hospital Acquired Conditions Reduction Program: Domain 2 Score,Hospital Acquired Conditions Reduction Program: Total HAC Score,Hospital Acquired Conditions Reduction Program: Payment Reduction,HCAHPS: Number of Completed Surveys,HCAHPS: Survey Response Rate Percent,HCAHPS: Nurse communication: HCAHPS Linear Mean Value,HCAHPS: Doctor communication: HCAHPS Linear Mean Value,HCAHPS: Staff responsiveness: HCAHPS Linear Mean Value,HCAHPS: Communication about medicines: HCAHPS Linear Mean Value,HCAHPS: Discharge information: HCAHPS Linear Mean Value,HCAHPS: Care transition: HCAHPS Linear Mean Value,HCAHPS: Cleanliness: HCAHPS Linear Mean Value,HCAHPS: Quietness: HCAHPS Linear Mean Value,HCAHPS: Overall hospital rating: HCAHPS Linear Mean Value,HCAHPS: Recommend hospital: HCAHPS Linear Mean Value,HCAHPS: Pain management: HCAHPS Linear Mean Value,HCAHPS: Patients who reported that their nurses Always communicated well: HCAHPS Answer Percent,HCAHPS: Patients who reported that their nurses Sometimes or Never communicated well: HCAHPS Answer Percent,HCAHPS: Patients who reported that their nurses Usually communicated well: HCAHPS Answer Percent,HCAHPS: Patients who reported that their nurses Always treated them with courtesy and respect: HCAHPS Answer Percent,HCAHPS: Patients who reported that their nurses Sometimes or Never treated them with courtesy and respect: HCAHPS Answer Percent,HCAHPS: Patients who reported that their nurses Usually treated them with courtesy and respect: HCAHPS Answer Percent,HCAHPS: Patients who reported that their nurses Always listened carefully to them: HCAHPS Answer Percent,HCAHPS: Patients who reported that their nurses Sometimes or Never listened carefully to them: HCAHPS Answer Percent,HCAHPS: Patients who reported that their nurses Usually listened carefully to them: HCAHPS Answer Percent,HCAHPS: Patients who reported that their nurses Always explained things in a way they could understand: HCAHPS Answer Percent,HCAHPS: Patients who reported that their nurses Sometimes or Never explained things in a way they could understand: HCAHPS Answer Percent,HCAHPS: Patients who reported that their nurses Usually explained things in a way they could understand: HCAHPS Answer Percent,HCAHPS: Patients who reported that their doctors Always communicated well: HCAHPS Answer Percent,HCAHPS: Patients who reported that their doctors Sometimes or Never communicated well: HCAHPS Answer Percent,HCAHPS: Patients who reported that their doctors Usually communicated well: HCAHPS Answer Percent,HCAHPS: Patients who reported that their doctors Always treated them with courtesy and respect: HCAHPS Answer Percent,HCAHPS: Patients who reported that their doctors Sometimes or Never treated them with courtesy and respect: HCAHPS Answer Percent,HCAHPS: Patients who reported that their doctors Usually treated them with courtesy and respect: HCAHPS Answer Percent,HCAHPS: Patients who reported that their doctors Always listened carefully to them: HCAHPS Answer Percent,HCAHPS: Patients who reported that their doctors Sometimes or Never listened carefully to them: HCAHPS Answer Percent,HCAHPS: Patients who reported that their doctors Usually listened carefully to them: HCAHPS Answer Percent,HCAHPS: Patients who reported that their doctors Always explained things in a way they could understand: HCAHPS Answer Percent,HCAHPS: Patients who reported that their doctors Sometimes or Never explained things in a way they could understand: HCAHPS Answer Percent,HCAHPS: Patients who reported that their doctors Usually explained things in a way they could understand: HCAHPS Answer Percent,HCAHPS: Patients who reported that they Always received help as soon as they wanted: HCAHPS Answer Percent,HCAHPS: Patients who reported that they Sometimes or Never received help as soon as they wanted: HCAHPS Answer Percent,HCAHPS: Patients who reported that they Usually received help as soon as they wanted: HCAHPS Answer Percent,HCAHPS: Patients who reported that they Always received help after using the call button as soon as they wanted: HCAHPS Answer Percent,HCAHPS: Patients who reported that they Sometimes or Never received help after using the call button as soon as they wanted: HCAHPS Answer Percent,HCAHPS: Patients who reported that they Usually received help after using the call button as soon as they wanted: HCAHPS Answer Percent,HCAHPS: Patients who reported that they Always received bathroom help as soon as they wanted: HCAHPS Answer Percent,HCAHPS: Patients who reported that they Sometimes or Never received bathroom help as soon as they wanted: HCAHPS Answer Percent,HCAHPS: Patients who reported that they Usually received bathroom help as soon as they wanted: HCAHPS Answer Percent,HCAHPS: Patients who reported that staff Always explained about medicines before giving it to them: HCAHPS Answer Percent,HCAHPS: Patients who reported that staff Sometimes or Never explained about medicines before giving it to them: HCAHPS Answer Percent,HCAHPS: Patients who reported that staff Usually explained about medicines before giving it to them: HCAHPS Answer Percent,HCAHPS: Patients who reported that when receiving new medication the staff Always communicated what the medication was for: HCAHPS Answer Percent,HCAHPS: Patients who reported that when receiving new medication the staff Sometimes or Never communicated what the medication was for: HCAHPS Answer Percent,HCAHPS: Patients who reported that when receiving new medication the staff Usually communicated what the medication was for.: HCAHPS Answer Percent,HCAHPS: Patients who reported that when receiving new medication the staff Always discussed possible side effects: HCAHPS Answer Percent,HCAHPS: Patients who reported that when receiving new medication the staff Sometimes or Never discussed possible side effects: HCAHPS Answer Percent,HCAHPS: Patients who reported that when receiving new medication the staff Usually discussed possible side effects: HCAHPS Answer Percent,"HCAHPS: Patients who reported that NO, they were not given information about what to do during their recovery at home: HCAHPS Answer Percent","HCAHPS: Patients who reported that YES, they were given information about what to do during their recovery at home: HCAHPS Answer Percent","HCAHPS: Patients who reported that NO, they did not discuss whether they would need help after discharge: HCAHPS Answer Percent","HCAHPS: Patients who reported that YES, they did discuss whether they would need help after discharge: HCAHPS Answer Percent","HCAHPS: Patients who reported that NO, they did not receive written information about possible symptoms to look out for after discharge: HCAHPS Answer Percent","HCAHPS: Patients who reported that YES, they did receive written information about possible symptoms to look out for after discharge: HCAHPS Answer Percent",HCAHPS: Patients who Agree they understood their care when they left the hospital: HCAHPS Answer Percent,HCAHPS: Patients who Disagree or Strongly Disagree they understood their care when they left the hospital: HCAHPS Answer Percent,HCAHPS: Patients who Strongly Agree they understood their care when they left the hospital: HCAHPS Answer Percent,HCAHPS: Patients who Agree that the staff took my preferences into account when determining my health care needs: HCAHPS Answer Percent,HCAHPS: Patients who Disagree or Strongly Disagree that the staff took my preferences into account when determining my health care needs: HCAHPS Answer Percent,HCAHPS: Patients who Strongly Agree that the staff took my preferences into account when determining my health care needs: HCAHPS Answer Percent,HCAHPS: Patients who Agree that they understood their responsiblities in managing their health: HCAHPS Answer Percent,HCAHPS: Patients who Disagree or Strongly Disagree that they understood their responsiblities in managing their health: HCAHPS Answer Percent,HCAHPS: Patients who Strongly Agree that they understood their responsiblities in managing their health: HCAHPS Answer Percent,HCAHPS: Patients who Agree that they understood the purposes of their medications when leaving the hospital: HCAHPS Answer Percent,HCAHPS: Patients who Disagree or Strongly Disagree that they understood the purposes of their medications when leaving the hospital: HCAHPS Answer Percent,HCAHPS: Patients who Strongly Agree that they understood the purposes of their medications when leaving the hospital: HCAHPS Answer Percent,HCAHPS: Patients who reported that their room and bathroom were Always clean: HCAHPS Answer Percent,HCAHPS: Patients who reported that their room and bathroom were Sometimes or Never clean: HCAHPS Answer Percent,HCAHPS: Patients who reported that their room and bathroom were Usually clean: HCAHPS Answer Percent,HCAHPS: Patients who reported that the area around their room was Always quiet at night: HCAHPS Answer Percent,HCAHPS: Patients who reported that the area around their room was Sometimes or Never quiet at night: HCAHPS Answer Percent,HCAHPS: Patients who reported that the area around their room was Usually quiet at night: HCAHPS Answer Percent,HCAHPS: Patients who gave their hospital a rating of 6 or lower on a scale from 0 (lowest) to 10 (highest): HCAHPS Answer Percent,HCAHPS: Patients who gave their hospital a rating of 7 or 8 on a scale from 0 (lowest) to 10 (highest): HCAHPS Answer Percent,HCAHPS: Patients who gave their hospital a rating of 9 or 10 on a scale from 0 (lowest) to 10 (highest): HCAHPS Answer Percent,"HCAHPS: Patients who reported NO, they would probably not or definitely not recommend the hospital: HCAHPS Answer Percent","HCAHPS: Patients who reported YES, they would definitely recommend the hospital: HCAHPS Answer Percent","HCAHPS: Patients who reported YES, they would probably recommend the hospital: HCAHPS Answer Percent",HCAHPS: Patients who reported that their pain was Always well controlled: HCAHPS Answer Percent,HCAHPS: Patients who reported that their pain was Sometimes or Never well controlled: HCAHPS Answer Percent,HCAHPS: Patients who reported that their pain was Usually well controlled: HCAHPS Answer Percent,HCAHPS: Nurse communication: Patient Survey Star Rating,HCAHPS: Doctor communication: Patient Survey Star Rating,HCAHPS: Staff responsiveness: Patient Survey Star Rating,HCAHPS: Communication about medicines: Patient Survey Star Rating,HCAHPS: Discharge information: Patient Survey Star Rating,HCAHPS: Care transition: Patient Survey Star Rating,HCAHPS: Cleanliness: Patient Survey Star Rating,HCAHPS: Quietness: Patient Survey Star Rating,HCAHPS: Overall hospital rating: Patient Survey Star Rating,HCAHPS: Recommend hospital: Patient Survey Star Rating,HCAHPS: Summary star rating: Patient Survey Star Rating,HCAHPS: Pain management: Patient Survey Star Rating,Unplanned Visits: 30-Day HF Readmission Rate (Denominator),Unplanned Visits: 30-Day HF Readmission Rate (Score),Unplanned Visits: 30-Day HF Readmission Rate (Higher Estimate),Unplanned Visits: 30-Day HF Readmission Rate (Lower Estimate),Unplanned Visits: 30-Day Hospital-Wide All-Cause Unplanned Readmission Rate (Denominator),Unplanned Visits: 30-Day Hospital-Wide All-Cause Unplanned Readmission Rate (Score),Unplanned Visits: 30-Day Hospital-Wide All-Cause Unplanned Readmission Rate (Higher Estimate),Unplanned Visits: 30-Day Hospital-Wide All-Cause Unplanned Readmission Rate (Lower Estimate),Unplanned Visits: 30-Day Pneumonia Readmission Rate (Denominator),Unplanned Visits: 30-Day Pneumonia Readmission Rate (Score),Unplanned Visits: 30-Day Pneumonia Readmission Rate (Higher Estimate),Unplanned Visits: 30-Day Pneumonia Readmission Rate (Lower Estimate),Unplanned Visits: 30-Day Readmission Rate (Denominator),Unplanned Visits: 30-Day Readmission Rate (Score),Unplanned Visits: 30-Day Readmission Rate (Higher Estimate),Unplanned Visits: 30-Day Readmission Rate (Lower Estimate),Unplanned Visits: 30-Day Readmission Rate after hip/knee replacement (Denominator),Unplanned Visits: 30-Day Readmission Rate after hip/knee replacement (Score),Unplanned Visits: 30-Day Readmission Rate after hip/knee replacement (Higher Estimate),Unplanned Visits: 30-Day Readmission Rate after hip/knee replacement (Lower Estimate),Unplanned Visits: 30-Day Readmission Rate for stroke patients (Denominator),Unplanned Visits: 30-Day Readmission Rate for stroke patients (Score),Unplanned Visits: 30-Day Readmission Rate for stroke patients (Higher Estimate),Unplanned Visits: 30-Day Readmission Rate for stroke patients (Lower Estimate),Unplanned Visits: AMI 30-Day Readmission Rate (Denominator),Unplanned Visits: AMI 30-Day Readmission Rate (Score),Unplanned Visits: AMI 30-Day Readmission Rate (Higher Estimate),Unplanned Visits: AMI 30-Day Readmission Rate (Lower Estimate),Unplanned Visits: CABG 30-Day Readmission Rate (Denominator),Unplanned Visits: CABG 30-Day Readmission Rate (Score),Unplanned Visits: CABG 30-Day Readmission Rate (Higher Estimate),Unplanned Visits: CABG 30-Day Readmission Rate (Lower Estimate),Unplanned Visits: ED visit rate for patients receiving outpatient chemo (Denominator),Unplanned Visits: ED visit rate for patients receiving outpatient chemo (Score),Unplanned Visits: ED visit rate for patients receiving outpatient chemo (Higher Estimate),Unplanned Visits: ED visit rate for patients receiving outpatient chemo (Lower Estimate),Unplanned Visits: Hospital return days for AMI patients (Denominator),Unplanned Visits: Hospital return days for AMI patients (Score),Unplanned Visits: Hospital return days for AMI patients (Higher Estimate),Unplanned Visits: Hospital return days for AMI patients (Lower Estimate),Unplanned Visits: Hospital return days for AMI patients (Number of Patients),Unplanned Visits: Hospital return days for AMI patients (Number of Patients Returned),Unplanned Visits: Hospital return days for HF patients (Denominator),Unplanned Visits: Hospital return days for HF patients (Score),Unplanned Visits: Hospital return days for HF patients (Higher Estimate),Unplanned Visits: Hospital return days for HF patients (Lower Estimate),Unplanned Visits: Hospital return days for HF patients (Number of Patients),Unplanned Visits: Hospital return days for HF patients (Number of Patients Returned),Unplanned Visits: Hospital return days for PN patients (Denominator),Unplanned Visits: Hospital return days for PN patients (Score),Unplanned Visits: Hospital return days for PN patients (Higher Estimate),Unplanned Visits: Hospital return days for PN patients (Lower Estimate),Unplanned Visits: Hospital return days for PN patients (Number of Patients),Unplanned Visits: Hospital return days for PN patients (Number of Patients Returned),Unplanned Visits: Inpatient admit rate for patients receiving outpatient chemo (Score),Unplanned Visits: Inpatient admit rate for patients receiving outpatient chemo (Higher Estimate),Unplanned Visits: Inpatient admit rate for patients receiving outpatient chemo (Lower Estimate),Unplanned Visits: Rate of unplanned visits after colonoscopy (per 1K) (Denominator),Unplanned Visits: Rate of unplanned visits after colonoscopy (per 1K) (Score),Unplanned Visits: Rate of unplanned visits after colonoscopy (per 1K) (Higher Estimate),Unplanned Visits: Rate of unplanned visits after colonoscopy (per 1K) (Lower Estimate),Unplanned Visits: Ratio of unplanned visits after outpatient surgery (Denominator),Unplanned Visits: Ratio of unplanned visits after outpatient surgery (Score),Unplanned Visits: Ratio of unplanned visits after outpatient surgery (Higher Estimate),Unplanned Visits: Ratio of unplanned visits after outpatient surgery (Lower Estimate)
0,16004F,IOWA CITY VA MEDICAL CENTER,07,2014,,,,,,,,,,,,,,,,,,,,,,,,,,,,,,,,,,,,,,,,,,,,,,,,,,,,,,,,,,,,,,,,,,,,,,,,,,,,,,,,,,,,,,,,,,,,,,,,,,,,,,,,,,,,,,,,,,,,,,,,,,,,,,,,,,,,,,,,,,,,,,,,,,,,,,,,,,,,,,,,,,,,,,,,,,,,,,,,,,,,,,,,,,,,,,,,,,,,,,,,,,,,,,,,,,,,,,,,,,,,,,,,,,,,,,,,,,,,,,,,,,,,,,,,,,,,,,,,,,,,,,,,,,,,,,,,,,,,,,,,,,,,,,,,,,,,,,,,,,,,,,,,,,,,,,,,,,,,,,,,,,,14.3,,19.9,,,,,10.9,23.9,,,,,,,,10.4,17.3,,,,,,,,,,,93.0,45.0,,,,,,,,,,,,,,,,,100.0,25.0,,,98.0,42.0,,,98.0,96.0,,,,,,,,,,,100.0,108.0,,,,,,,,,,,,,,,,,,,,,,,,,93.0,28.0,,,,,,,,,,,,,,,,,,,,,,,,,93.0,208.0,,,,,99.0,185.0,98.0,185.0,92.0,184.0,,,,,,,,,,,,,96.0,24.0,,,99.0,239.0,92.0,123.0,100.0,275.0,,,,,,,,,,,,,,,,,,,,,,,,,,,,,,,,,,,,,,,,,,,,,,,,,,,,,,,,,,,,,,,,,,,,,,,,,,,,,,,,,,,,,,,,,,,,,,,,,,,,,,,,,,,,,,,,,,,,,,,,,,,,,,,,,,,,,,,,,,,,,,,,,,,,,,,,,,,,,,,,,,,,,,,,,,,,,,,,,,,,,,,,,,,,,,,,,,,,,,,,,,,,,,,,,,,,,,,,,,,,,,,,,,
1,16004F,IOWA CITY VA MEDICAL CENTER,10,2014,,,,,,,,,,,,,,,,,,,,,,,,,,,,,,,,,,,,,,,,,,,,,,,,,,,,,,,,,,,,,,,,,,,,,,,,,,,,,,,,,,,,,,,,,,,,,,,,,,,,,,,,,,,,,,,,,,,,,,,,,,,,,,,,,,,,,,,,,,,,,,,,,,,,,,,,,,,,,,,,,,,,,,,,,,,,,,,,,,,,,,,,,,,,,,,,,,,,,,,,,,,,,,,,,,,,,,,,,,,,,,,,,,,,,,,,,,,,,,,,,,,,,,,,,,,,,,,,,,,,,,,,,,,,,,,,,,,,,,,,,,,,,,,,,,,,,,,,,,,,,,,,,,,,,,,,,,,,,,,,,,,14.3,,19.9,,,,,10.9,23.9,,,,,,,,10.4,17.3,,,,,,,,,,,93.0,45.0,,,,,,,,,,,,,,,,,100.0,25.0,,,98.0,42.0,,,98.0,96.0,,,,,,,,,,,100.0,108.0,,,,,,,,,,,,,,,,,,,,,,,,,93.0,28.0,,,,,,,,,,,,,,,,,,,,,,,,,93.0,208.0,,,,,99.0,185.0,98.0,185.0,92.0,184.0,,,,,,,,,,,,,96.0,24.0,,,99.0,239.0,92.0,123.0,100.0,275.0,,,,,,,,,,,,,,,,,,,,,,,,,,,,,,,,,,,,,,,,,,,,,,,,,,,,,,,,,,,,,,,,,,,,,,,,,,,,,,,,,,,,,,,,,,,,,,,,,,,,,,,,,,,,,,,,,,,,,,,,,,,,,,,,,,,,,,,,,,,,,,,,,,,,,,,,,,,,,,,,,,,,,,,,,,,,,,,,,,,,,,,,,,,,,,,,,,,,,,,,,,,,,,,,,,,,,,,,,,,,,,,,,,
2,16004F,IOWA CITY VA MEDICAL CENTER,12,2014,,,,,,,,,,,,,,,,,,,,,,,,,,,,,,,,,,,,,,,,,,,,,,,,,,,,,,,,,,,,,,,,,,,,,,,,,,,,,,,,,,,,,,,,,,,,,,,,,,,,,,,,,,,,,,,,,,,,,,,,,,,,,,,,,,,,,,,,,,,,,,,,,,,,,,,,,,,,,,,,,,,,,,,,,,,,,,,,,,,,,,,,,,,,,,,,,,,,,,,,,,,,,,,,,,,,,,,,,,,,,,,,,,,,,,,,,,,,,,,,,,,,,,,,,,,,,,,,,,,,,,,,,,,,,,,,,,,,,,,,,,,,,,,,,,,,,,,,,,,,,,,,,,,,,,,,,,,,,,,,,,,14.3,,19.3,,,,,10.7,23.8,,,,,,,,11.4,18.4,,,,,,,,,,,90.0,40.0,,,,,,,,,,,,,,,,,95.0,21.0,,,,,,,98.0,57.0,,,,,,,,,,,100.0,97.0,,,,,,,,,,,,,,,,,,,,,,,,,92.0,24.0,,,,,,,,,,,,,,,,,,,,,,,,,95.0,216.0,,,,,99.0,186.0,85.0,186.0,92.0,186.0,,,,,,,,,,,,,100.0,19.0,,,98.0,237.0,89.0,113.0,100.0,212.0,,,,,,,,,,,,,,,,,,,,,,,,,,,,,,,,,,,,,,,,,,,,,,,,,,,,,,,,,,,,,,,,,,,,,,,,,,,,,,,,,,,,,,,,,,,,,,,,,,,,,,,,,,,,,,,,,,,,,,,,,,,,,,,,,,,,,,,,,,,,,,,,,,,,,,,,,,,,,,,,,,,,,,,,,,,,,,,,,,,,,,,,,,,,,,,,,,,,,,,,,,,,,,,,,,,,,,,,,,,,,,,,,,
3,16004F,IOWA CITY VA MEDICAL CENTER,01,2015,,,,,,,,,,,,,,,,,,,,,,,,,,,,,,,,,,,,,,,,,,,,,,,,,,,,,,,,,,,,,,,,,,,,,,,,,,,,,,,,,,,,,,,,,,,,,,,,,,,,,,,,,,,,,,,,,,,,,,,,,,,,,,,,,,,,,,,,,,,,,,,,,,,,,,,,,,,,,,,,,,,,,,,,,,,,,,,,,,,,,,,,,,,,,,,,,,,,,,,,,,,,,,,,,,,,,,,,,,,,,,,,,,,,,,,,,,,,,,,,,,,,,,,,,,,,,,,,,,,,,,,,,,,,,,,,,,,,,,,,,,,,,,,,,,,,,,,,,,,,,,,,,,,,,,,,,,,,,,,,,,,14.3,,19.3,,,,,10.7,23.8,,,,,,,,11.4,18.4,,,,,,,,,,,90.0,40.0,,,,,,,,,,,,,,,,,95.0,21.0,,,,,,,98.0,57.0,,,,,,,,,,,100.0,97.0,,,,,,,,,,,,,,,,,,,,,,,,,92.0,24.0,,,,,,,,,,,,,,,,,,,,,,,,,95.0,216.0,,,,,99.0,186.0,85.0,186.0,92.0,186.0,,,,,,,,,,,,,100.0,19.0,,,98.0,237.0,89.0,113.0,100.0,212.0,,,,,,,,,,,,,,,,,,,,,,,,,,,,,,,,,,,,,,,,,,,,,,,,,,,,,,,,,,,,,,,,,,,,,,,,,,,,,,,,,,,,,,,,,,,,,,,,,,,,,,,,,,,,,,,,,,,,,,,,,,,,,,,,,,,,,,,,,,,,,,,,,,,,,,,,,,,,,,,,,,,,,,,,,,,,,,,,,,,,,,,,,,,,,,,,,,,,,,,,,,,,,,,,,,,,,,,,,,,,,,,,,,
4,16004F,IOWA CITY VA MEDICAL CENTER,04,2015,,,,,,,,,,,,,,,,,,,,,,,,,,,,,,,,,,,,,,,,,,,,,,,,,,,,,,,,,,,,,,,,,,,,,,,,,,,,,,,,,,,,,,,,,,,,,,,,,,,,,,,,,,,,,,,,,,,,,,,,,,,,,,,,,,,,,,,,,,,,,,,,,,,,,,,,,,,,,,,,,,,,,,,,,,,,,,,,,,,,,,,,,,,,,,,,,,,,,,,,,,,,,,,,,,,,,,,,,,,,,,,,,,,,,,,,,,,,,,,,,,,,,,,,,,,,,,,,,,,,,,,,,,,,,,,,,,,,,,,,,,,,,,,,,,,,,,,,,,,,,,,,,,,,,,,,,,,,,,,,,,,14.3,,19.3,,,,,10.7,23.8,,,,,,,,11.4,18.4,,,,,,,,,,,,,,,,,,,,,,,,,,,,,,,,,,,,,,,,,,,,,,,,,100.0,97.0,,,,,,,,,,,,,,,,,,,,,,,,,91.0,22.0,,,,,,,,,,,,,,,,,,,,,,,,,95.0,220.0,,,,,100.0,186.0,86.0,186.0,95.0,186.0,,,,,,,,,,,,,,,,,99.0,236.0,91.0,109.0,,,,,,,,,,,,,,,,,,,,,,,,,,,,,,,,,,,,,,,,,,,,,,,,,,,,,,,,,,,,,,,,,,,,,,,,,,,,,,,,,,,,,,,,,,,,,,,,,,,,,,,,,,,,,,,,,,,,,,,,,,,,,,,,,,,,,,,,,,,,,,,,,,,,,,,,,,,,,,,,,,,,,,,,,,,,,,,,,,,,,,,,,,,,,,,,,,,,,,,,,,,,,,,,,,,,,,,,,,,,,,,,,,,,
5,16004F,IOWA CITY VA MEDICAL CENTER,05,2015,,,,,,,,,,,,,,,,,,,,,,,,,,,,,,,,,,,,,,,,,,,,,,,,,,,,,,,,,,,,,,,,,,,,,,,,,,,,,,,,,,,,,,,,,,,,,,,,,,,,,,,,,,,,,,,,,,,,,,,,,,,,,,,,,,,,,,,,,,,,,,,,,,,,,,,,,,,,,,,,,,,,,,,,,,,,,,,,,,,,,,,,,,,,,,,,,,,,,,,,,,,,,,,,,,,,,,,,,,,,,,,,,,,,,,,,,,,,,,,,,,,,,,,,,,,,,,,,,,,,,,,,,,,,,,,,,,,,,,,,,,,,,,,,,,,,,,,,,,,,,,,,,,,,,,,,,,,,,,,,,,,14.3,,19.3,,,,,10.7,23.8,,,,,,,,11.4,18.4,,,,,,,,,,,,,,,,,,,,,,,,,,,,,,,,,,,,,,,,,,,,,,,,,100.0,97.0,,,,,,,,,,,,,,,,,,,,,,,,,91.0,22.0,,,,,,,,,,,,,,,,,,,,,,,,,95.0,220.0,,,,,100.0,186.0,86.0,186.0,95.0,186.0,,,,,,,,,,,,,,,,,99.0,236.0,91.0,109.0,,,,,,,,,,,,,,,,,,,,,,,,,,,,,,,,,,,,,,,,,,,,,,,,,,,,,,,,,,,,,,,,,,,,,,,,,,,,,,,,,,,,,,,,,,,,,,,,,,,,,,,,,,,,,,,,,,,,,,,,,,,,,,,,,,,,,,,,,,,,,,,,,,,,,,,,,,,,,,,,,,,,,,,,,,,,,,,,,,,,,,,,,,,,,,,,,,,,,,,,,,,,,,,,,,,,,,,,,,,,,,,,,,,,
6,16004F,IOWA CITY VA MEDICAL CENTER,07,2015,,,,,,,,,,,,,,,,,,,,,,,,,,,,,,,,,,,,,,,,,,,,,,,,,,,,,,,,,,,,,,,,,,,,,,,,,,,,,,,,,,,,,,,,,,,,,,,,,,,,,,,,,,,,,,,,,,,,,,,,,,,,,,,,,,,,,,,,,,,,,,,,,,,,,,,,,,,,,,,,,,,,,,,,,,,,,,,,,,,,,,,,,,,,,,,,,,,,,,,,,,,,,,,,,,,,,,,,,,,,,,,,,,,,,,,,,,,,,,,,,,,,,,,,,,,,,,,,,,,,,,,,,,,,,,,,,,,,,,,,,,,,,,,,,,,,,,,,,,,,,,,,,,,,,,,,,,,,,,,,,,,,,,,,,,,,,,,,,,,,,,,,,,,,,,,,,,,,,,,,,,,,,,,,,,,,,,,,,,,,,,,,,,,,,100.0,97.0,,,,,,,,,,,,,,,,,,,,,,,,,91.0,22.0,,,,,,,,,,,,,,,,,,,,,,,,,95.0,220.0,,,,,100.0,186.0,86.0,186.0,95.0,186.0,,,,,,,,,,,,,,,,,99.0,236.0,91.0,109.0,,,,,,,,,,,,,,,,,,,,,,,,,,,,,,,,,,,,,,,,,,,,,,,,,,,,,,,,,,,,,,,,,,,,,,,,,,,,,,,,,,,,,,,,,,,,,,,,,,,,,,,,,,,,,,,,,,,,,,,,,,,,,,,,,,,,,,,,,,,,,,,,,,,,,,,,,,,,,,,,,,,,,,,,,,,,,,,,,,,,,,,,,,,,,,,,,,,,,,,,,,,,,,,,,,,,,,,,,,,,,,,,,,,,
7,16004F,IOWA CITY VA MEDICAL CENTER,10,2015,,,,,,,,,,,,,,,,,,,,,,,,,,,,,,,,,,,,,,,,,,,,,,,,,,,,,,,,,,,,,,,,,,,,,,,,,,,,,,,,,,,,,,,,,,,,,,,,,,,,,,,,,,,,,,,,,,,,,,,,,,,,,,,,,,,,,,,,,,,,,,,,,,,,,,,,,,,,,,,,,,,,,,,,,,,,,,,,,,,,,,,,,,,,,,,,,,,,,,,,,,,,,,,,,,,,,,,,,,,,,,,,,,,,,,,,,,,,,,,,,,,,,,,,,,,,,,,,,,,,,,,,,,,,,,,,,,,,,,,,,,,,,,,,,,,,,,,,,,,,,,,,,,,,,,,,,,,,,,,,,,,,,,,,,,,,,,,,,,,,,,,,,,,,,,,,,,,,,,,,,,,,,,,,,,,,,,,,,,,,,,,,,,,,,100.0,97.0,,,,,,,,,,,,,,,,,,,,,,,,,91.0,22.0,,,,,,,,,,,,,,,,,,,,,,,,,95.0,220.0,,,,,100.0,186.0,86.0,186.0,95.0,186.0,,,,,,,,,,,,,,,,,99.0,236.0,91.0,109.0,,,,,,,,,,,,,,,,,,,,,,,,,,,,,,,,,,,,,,,,,,,,,,,,,,,,,,,,,,,,,,,,,,,,,,,,,,,,,,,,,,,,,,,,,,,,,,,,,,,,,,,,,,,,,,,,,,,,,,,,,,,,,,,,,,,,,,,,,,,,,,,,,,,,,,,,,,,,,,,,,,,,,,,,,,,,,,,,,,,,,,,,,,,,,,,,,,,,,,,,,,,,,,,,,,,,,,,,,,,,,,,,,,,,
8,16004F,IOWA CITY VA MEDICAL CENTER,12,2015,,,,,,,,,,,,,,,,,,,,,,,,,,,,,,,,,,,,,,,,,,,,,,,,,,,,,,,,,,,,,,,,,,,,,,,,,,,,,,,,,,,,,,,,,,,,,,,,,,,,,,,,,,,,,,,,,,,,,,,,,,,,,,,,,,,,,,,,,,,,,,,,,,,,,,,,,,,,,,,,,,,,,,,,,,,,,,,,,,,,,,,,,,,,,,,,,,,,,,,,,,,,,,,,,,,,,,,,,,,,,,,,,,,,,,,,,,,,,,,,,,,,,,,,,,,,,,,,,,,,,,,,,,,,,,,,,,,,,,,,,,,,,,,,,,,,,,,,,,,,,,,,,,,,,,,,,,,,,,,,,,,,,,,,,,,,,,,,,,,,,,,,,,,,,,,,,,,,,,,,,,,,,,,,,,,,,,,,,,,,,,,,,,,,,100.0,97.0,,,,,,,,,,,,,,,,,,,,,,,,,91.0,22.0,,,,,,,,,,,,,,,,,,,,,,,,,95.0,220.0,,,,,100.0,186.0,86.0,186.0,95.0,186.0,,,,,,,,,,,,,,,,,99.0,236.0,91.0,109.0,,,,,,,,,,,,,,,,,,,,,,,,,,,,,,,,,,,,,,,,,,,,,,,,,,,,,,,,,,,,,,,,,,,,,,,,,,,,,,,,,,,,,,,,,,,,,,,,,,,,,,,,,,,,,,,,,,,,,,,,,,,,,,,,,,,,,,,,,,,,,,,,,,,,,,,,,,,,,,,,,,,,,,,,,,,,,,,,,,,,,,,,,,,,,,,,,,,,,,,,,,,,,,,,,,,,,,,,,,,,,,,,,,,,
9,16004F,IOWA CITY VA MEDICAL CENTER,05,2016,,,,,,,,,,,,,,,,,,,,,,,,,,,,,,,,,,,,,,,,,,,,,,,,,,,,,,,,,,,,,,,,,,,,,,,,,,,,,,,,,,,,,,,,,,,,,,,,,,,,,,,,,,,,,,,,,,,,,,,,,,,,,,,,,,,,,,,,,,,,,,,,,,,,,,,,,,,,,,,,,,,,,,,,,,,,,,,,,,,,,,,,,,,,,,,,,,,,,,,,,,,,,,,,,,,,,,,,,,,,,,,,,,,,,,,,,,,,,,,,,,,,,,,,,,,,,,,,,,,,,,,,,,,,,,,,,,,,,,,,,,,,,,,,,,,,,,,,,,,,,,,,,,,,,,,,,,,,,,,,,,,,,,,,,,,,,,,,,,,,,,,,,,,,,,,,,,,,,,,,,,,,,,,,,,,,,,,,,,,,,,,,,,,,,100.0,97.0,,,,,,,,,,,,,,,,,,,,,,,,,91.0,22.0,,,,,,,,,,,,,,,,,,,,,,,,,95.0,220.0,,,,,100.0,186.0,86.0,186.0,95.0,186.0,,,,,,,,,,,,,,,,,99.0,236.0,91.0,109.0,,,,,,,,,,,,,,,,,,,,,,,,,,,,,,,,,,,,,,,,,,,,,,,,,,,,,,,,,,,,,,,,,,,,,,,,,,,,,,,,,,,,,,,,,,,,,,,,,,,,,,,,,,,,,,,,,,,,,,,,,,,,,,,,,,,,,,,,,,,,,,,,,,,,,,,,,,,,,,,,,,,,,,,,,,,,,,,,,,,,,,,,,,,,,,,,,,,,,,,,,,,,,,,,,,,,,,,,,,,,,,,,,,,,
10,16004F,IOWA CITY VA MEDICAL CENTER,08,2016,,,,,,,,,,,,,,,,,,,,,,,,,,,,,,,,,,,,,,,,,,,,,,,,,,,,,,,,,,,,,,,,,,,,,,,,,,,,,,,,,,,,,,,,,,,,,,,,,,,,,,,,,,,,,,,,,,,,,,,,,,,,,,,,,,,,,,,,,,,,,,,,,,,,,,,,,,,,,,,,,,,,,,,,,,,,,,,,,,,,,,,,,,,,,,,,,,,,,,,,,,,,,,,,,,,,,,,,,,,,,,,,,,,,,,,,,,,,,,,,,,,,,,,,,,,,,,,,,,,,,,,,,,,,,,,,,,,,,,,,,,,,,,,,,,,,,,,,,,,,,,,,,,,,,,,,,,,,,,,,,,,,,,,,,,,,,,,,,,,,,,,,,,,,,,,,,,,,,,,,,,,,,,,,,,,,,,,,,,,,,,,,,,,,,100.0,97.0,,,,,,,,,,,,,,,,,,,,,,,,,91.0,22.0,,,,,,,,,,,,,,,,,,,,,,,,,95.0,220.0,,,,,100.0,186.0,86.0,186.0,95.0,186.0,,,,,,,,,,,,,,,,,99.0,236.0,91.0,109.0,,,,,,,,,,,,,,,,,,,,,,,,,,,,,,,,,,,,,,,,,,,,,,,,,,,,,,,,,,,,,,,,,,,,,,,,,,,,,,,,,,,,,,,,,,,,,,,,,,,,,,,,,,,,,,,,,,,,,,,,,,,,,,,,,,,,,,,,,,,,,,,,,,,,,,,,,,,,,,,,,,,,,,,,,,,,,,,,,,,,,,,,,,,,,,,,,,,,,,,,,,,,,,,,,,,,,,,,,,,,,,,,,,,,
11,16004F,IOWA CITY VA MEDICAL CENTER,10,2018,,,,,,,,,,,,,,,,,,,,,,,,,,,,,,,,,,,,,,,,,,,,,,,,,,,,,,,,,,,,,,,,,,,,,,,,,,,,,,,,,,,,,,,,,,,,,,,,,,,,,,,,,,,,,,,,,,,,,,,,,,,,,,,,,,,,,,,,,,,,,,,,,,,,,,,,,,,,,,,,,,,,,,,,,,,,,,,,,,,,,,,,,,,,,,,,,,,,,,,,,,,,,,,,,,,,,,,,,,,,,,,,,,,,,,,,,,,,,,,,,,,,,,,,,,,,,,,,,,,,,,,,,,,,,,,,,,,,,,,,,,,,,,,,,,,,,,,,,,,,,,,,,,,,,,,,,,,,,,,,,,,12.1,,,,,,,10.3,,,,,,,,,14.1,,,,,,,,,,,,,,,,,,,,,,,,,,,,,,,,,,,,,,,,,,,,,,,,,,,,,,,,,,,,,,,,,,,,,,,,,,,,,,,,,,,,,,,,,,,,,,,,,,,,,,,,,,,,,,,,,,,,,,,,,,,,,,,,,,,,,,,,,,,,,,,,,,,,,,,,,,,,,,,,,,,,,,,,,,,,,,,,,,,,,,,,,,,,,,,,,,,,,411,39,91.0,92.0,86.0,83.0,90.0,84.0,88.0,85.0,90.0,90.0,,76.0,3.0,21.0,,,,,,,,,,78.0,3.0,19.0,,,,,,,,,,65.0,7.0,28.0,,,,,,,67.0,12.0,21.0,,,,,,,10.0,90.0,,,,,42.0,3.0,55.0,,,,,,,,,,72.0,7.0,21.0,62.0,6.0,32.0,5.0,21.0,74.0,3.0,75.0,22.0,,,,3.0,3.0,3.0,4.0,4.0,4.0,3.0,4.0,4.0,4.0,4.0,,346.0,26.0,30.1,22.1,,,,,200.0,17.1,20.9,13.9,,,,,,,,,,,,,87.0,18.5,22.9,14.7,,,,,,,,,,,,,,,,,,,,,,,,,,,,,,,,,,,,,
12,16004F,IOWA CITY VA MEDICAL CENTER,03,2019,,,,,,,,,,,,,,,,,,,,,,,,,,,,,,,,,,,,,,,,,,,,,,,,,,,,,,,,,,,,,,,,,,,,,,,,,,,,,,,,,,,,,,,,,,,,,,,,,,,,,,,,,,,,,,,,,,,,,,,,,,,,,,,,,,,,,,,,,,,,,,,,,,,,,,,,,,,,,,,,,,,,,,,,,,,,,,,,,,,,,,,,,,,,,,,,,,,,,,,,,,,,,,,,,,,,,,,,,,,,,,,,,,,,,,,,,,,,,,,,,,,,,,,,,,,,,,,,,,,,,,,,,,,,,,,,,,,,,,,,,,,,,,,,,,,,,,,,,,,,,,,,,,,,,,,,,,,,,,,,,,,12.1,,,,,,,10.3,,,,,,,,,14.1,,,,,,,,,,,,,,,,,,,,,,,,,,,,,,,,,,,,,,,,,,,,,,,,,,,,,,,,,,,,,,,,,,,,,,,,,,,,,,,,,,,,,,,,,,,,,,,,,,,,,,,,,,,,,,,,,,,,,,,,,,,,,,,,,,,,,,,,,,,,,,,,,,,,,,,,,,,,,,,,,,,,,,,,,,,,,,,,,,,,,,,,,,,,,,,,,,,,,397,41,92.0,92.0,86.0,83.0,91.0,85.0,87.0,85.0,90.0,90.0,,78.0,3.0,19.0,,,,,,,,,,80.0,3.0,17.0,,,,,,,,,,66.0,8.0,26.0,,,,,,,69.0,13.0,18.0,,,,,,,9.0,91.0,,,,,39.0,3.0,58.0,,,,,,,,,,72.0,8.0,20.0,62.0,7.0,31.0,6.0,20.0,74.0,3.0,75.0,22.0,,,,3.0,4.0,3.0,4.0,4.0,4.0,3.0,4.0,4.0,4.0,4.0,,346.0,26.0,30.1,22.1,,,,,200.0,17.1,20.9,13.9,,,,,,,,,,,,,87.0,18.5,22.9,14.7,,,,,,,,,,,,,,,,,,,,,,,,,,,,,,,,,,,,,
13,16004F,IOWA CITY VA MEDICAL CENTER,04,2019,,,,,,,,,,,,,,,,,,,,,,,,,,,,,,,,,,,,,,,,,,,,,,,,,,,,,,,,,,,,,,,,,,,,,,,,,,,,,,,,,,,,,,,,,,,,,,,,,,,,,,,,,,,,,,,,,,,,,,,,,,,,,,,,,,,,,,,,,,,,,,,,,,,,,,,,,,,,,,,,,,,,,,,,,,,,,,,,,,,,,,,,,,,,,,,,,,,,,,,,,,,,,,,,,,,,,,,,,,,,,,,,,,,,,,,,,,,,,,,,,,,,,,,,,,,,,,,,,,,,,,,,,,,,,,,,,,,,,,,,,,,,,,,,,,,,,,,,,,,,,,,,,,,,,,,,,,,,,,,,,,,12.1,,,,,,,10.3,,,,,,,,,14.1,,,,,,,,,,,,,,,,,,,,,,,,,,,,,,,,,,,,,,,,,,,,,,,,,,,,,,,,,,,,,,,,,,,,,,,,,,,,,,,,,,,,,,,,,,,,,,,,,,,,,,,,,,,,,,,,,,,,,,,,,,,,,,,,,,,,,,,,,,,,,,,,,,,,,,,,,,,,,,,,,,,,,,,,,,,,,,,,,,,,,,,,,,,,,,,,,,,,,372,41,93.0,93.0,87.0,85.0,91.0,85.0,88.0,84.0,90.0,90.0,,80.0,2.0,18.0,,,,,,,,,,82.0,2.0,16.0,,,,,,,,,,68.0,7.0,25.0,,,,,,,71.0,10.0,19.0,,,,,,,9.0,91.0,,,,,39.0,2.0,59.0,,,,,,,,,,74.0,7.0,19.0,60.0,6.0,34.0,5.0,20.0,75.0,2.0,74.0,24.0,,,,4.0,4.0,4.0,5.0,4.0,4.0,3.0,3.0,4.0,3.0,4.0,,346.0,26.0,30.1,22.1,,,,,200.0,17.1,20.9,13.9,,,,,,,,,,,,,87.0,18.5,22.9,14.7,,,,,,,,,,,,,,,,,,,,,,,,,,,,,,,,,,,,,
14,16004F,IOWA CITY VA MEDICAL CENTER,07,2019,,,,,,,,,,,,,,,,,,,,,,,,,,,,,,,,,,,,,,,,,,,,,,,,,,,,,,,,,,,,,,,,,,,,,,,,,,,,,,,,,,,,,,,,,,,,,,,,,,,,,,,,,,,,,,,,,,,,,,,,,,,,,,,,,,,,,,,,,,,,,,,,,,,,,,,,,,,,,,,,,,,,,,,,,,,,,,,,,,,,,,,,,,,,,,,,,,,,,,,,,,,,,,,,,,,,,,,,,,,,,,,,,,,,,,,,,,,,,,,,,,,,,,,,,,,,,,,,,,,,,,,,,,,,,,,,,,,,,,,,,,,,,,,,,,,,,,,,,,,,,,,,,,,,,,,,,,,,,,,,,,,12.6,,,,,,,11.1,,,,,,,,,12.5,,,,,,,,,,,,,,,,,,,,,,,,,,,,,,,,,,,,,,,,,,,,,,,,,,,,,,,,,,,,,,,,,,,,,,,,,,,,,,,,,,,,,,,,,,,,,,,,,,,,,,,,,,,,,,,,,,,,,,,,,,,,,,,,,,,,,,,,,,,,,,,,,,,,,,,,,,,,,,,,,,,,,,,,,,,,,,,,,,,,,,,,,,,,,,,,,,,,,350,42,93.0,93.0,88.0,85.0,93.0,86.0,88.0,85.0,91.0,91.0,,81.0,2.0,17.0,88.0,2.0,10.0,80.0,3.0,17.0,76.0,3.0,21.0,83.0,2.0,15.0,91.0,1.0,8.0,81.0,3.0,16.0,76.0,3.0,21.0,70.0,6.0,24.0,67.0,5.0,28.0,72.0,6.0,22.0,71.0,12.0,17.0,81.0,5.0,14.0,61.0,18.0,21.0,7.0,93.0,8.0,92.0,7.0,93.0,37.0,3.0,60.0,41.0,4.0,55.0,40.0,2.0,58.0,30.0,2.0,68.0,74.0,7.0,19.0,63.0,7.0,30.0,5.0,18.0,77.0,3.0,78.0,19.0,,,,4.0,4.0,4.0,4.0,5.0,4.0,3.0,4.0,4.0,4.0,4.0,,374.0,22.9,26.5,19.7,,,,,203.0,16.0,19.3,13.0,,,,,,,,,,,,,84.0,16.2,19.8,12.9,,,,,,,,,,,,,,,,,,,,,,,,,,,,,,,,,,,,,
15,16004F,IOWA CITY VA MEDICAL CENTER,10,2019,,,,,,,,,,,,,,,,,,,,,,,,,,,,,,,,,,,,,,,,,,,,,,,,,,,,,,,,,,,,,,,,,,,,,,,,,,,,,,,,,,,,,,,,,,,,,,,,,,,,,,,,,,,,,,,,,,,,,,,,,,,,,,,,,,,,,,,,,,,,,,,,,,,,,,,,,,,,,,,,,,,,,,,,,,,,,,,,,,,,,,,,,,,,,,,,,,,,,,,,,,,,,,,,,,,,,,,,,,,,,,,,,,,,,,,,,,,,,,,,,,,,,,,,,,,,,,,,,,,,,,,,,,,,,,,,,,,,,,,,,,,,,,,,,,,,,,,,,,,,,,,,,,,,,,,,,,,,,,,,,,,12.6,,,,,,,11.1,,,,,,,,,12.5,,,,,,,,,,,,,,,,,,,,,,,,,,,,,,,,,,,,,,,,,,,,,,,,,,,,,,,,,,,,,,,,,,,,,,,,,,,,,,,,,,,,,,,,,,,,,,,,,,,,,,,,,,,,,,,,,,,,,,,,,,,,,,,,,,,,,,,,,,,,,,,,,,,,,,,,,,,,,,,,,,,,,,,,,,,,,,,,,,,,,,,,,,,,,,,,,,,,,354,42,93.0,93.0,90.0,85.0,92.0,86.0,89.0,86.0,92.0,92.0,,82.0,3.0,15.0,88.0,2.0,10.0,80.0,4.0,16.0,77.0,3.0,20.0,81.0,2.0,17.0,89.0,2.0,9.0,79.0,2.0,19.0,74.0,3.0,23.0,75.0,5.0,20.0,72.0,5.0,23.0,79.0,5.0,16.0,73.0,12.0,15.0,82.0,6.0,12.0,65.0,19.0,16.0,8.0,92.0,9.0,91.0,7.0,93.0,34.0,3.0,63.0,38.0,5.0,57.0,36.0,2.0,62.0,29.0,2.0,69.0,76.0,7.0,17.0,65.0,5.0,30.0,5.0,17.0,78.0,3.0,78.0,19.0,,,,4.0,4.0,4.0,4.0,4.0,4.0,3.0,4.0,4.0,4.0,4.0,,374.0,22.9,26.5,19.7,,,,,203.0,16.0,19.3,13.0,,,,,,,,,,,,,84.0,16.2,19.8,12.9,,,,,,,,,,,,,,,,,,,,,,,,,,,,,,,,,,,,,
16,16004F,IOWA CITY VA MEDICAL CENTER,01,2020,,,,,,,,,,,,,,,,,,,,,,,,,,,,,,,,,,,,,,,,,,,,,,,,,,,,,,,,,,,,,,,,,,,,,,,,,,,,,,,,,,,,,,,,,,,,,,,,,,,,,,,,,,,,,,,,,,,,,,,,,,,,,,,,,,,,,,,,,,,,,,,,,,,,,,,,,,,,,,,,,,,,,,,,,,,,,,,,,,,,,,,,,,,,,,,,,,,,,,,,,,,,,,,,,,,,,,,,,,,,,,,,,,,,,,,,,,,,,,,,,,,,,,,,,,,,,,,,,,,,,,,,,,,,,,,,,,,,,,,,,,,,,,,,,,,,,,,,,,,,,,,,,,,,,,,,,,,,,,,,,,,12.6,,,,,,,11.1,,,,,,,,,12.5,,,,,,,,,,,,,,,,,,,,,,,,,,,,,,,,,,,,,,,,,,,,,,,,,,,,,,,,,,,,,,,,,,,,,,,,,,,,,,,,,,,,,,,,,,,,,,,,,,,,,,,,,,,,,,,,,,,,,,,,,,,,,,,,,,,,,,,,,,,,,,,,,,,,,,,,,,,,,,,,,,,,,,,,,,,,,,,,,,,,,,,,,,,,,,,,,,,,,356,40,93.0,93.0,91.0,85.0,91.0,85.0,91.0,86.0,92.0,92.0,,81.0,2.0,17.0,89.0,1.0,10.0,78.0,3.0,19.0,75.0,3.0,22.0,80.0,2.0,18.0,88.0,1.0,11.0,79.0,1.0,20.0,72.0,3.0,25.0,75.0,3.0,22.0,71.0,3.0,26.0,79.0,3.0,18.0,72.0,12.0,16.0,81.0,5.0,14.0,63.0,19.0,18.0,9.0,91.0,10.0,90.0,9.0,91.0,36.0,3.0,61.0,41.0,5.0,54.0,36.0,3.0,61.0,31.0,3.0,66.0,80.0,5.0,15.0,65.0,4.0,31.0,4.0,18.0,78.0,2.0,79.0,19.0,,,,4.0,4.0,5.0,4.0,4.0,4.0,4.0,4.0,4.0,4.0,4.0,,374.0,22.9,26.5,19.7,,,,,203.0,16.0,19.3,13.0,,,,,,,,,,,,,84.0,16.2,19.8,12.9,,,,,,,,,,,,,,,,,,,,,,,,,,,,,,,,,,,,,
17,16004F,IOWA CITY VA MEDICAL CENTER,04,2020,,,,,,,,,,,,,,,,,,,,,,,,,,,,,,,,,,,,,,,,,,,,,,,,,,,,,,,,,,,,,,,,,,,,,,,,,,,,,,,,,,,,,,,,,,,,,,,,,,,,,,,,,,,,,,,,,,,,,,,,,,,,,,,,,,,,,,,,,,,,,,,,,,,,,,,,,,,,,,,,,,,,,,,,,,,,,,,,,,,,,,,,,,,,,,,,,,,,,,,,,,,,,,,,,,,,,,,,,,,,,,,,,,,,,,,,,,,,,,,,,,,,,,,,,,,,,,,,,,,,,,,,,,,,,,,,,,,,,,,,,,,,,,,,,,,,,,,,,,,,,,,,,,,,,,,,,,,,,,,,,,,12.6,,,,,,,11.1,,,,,,,,,12.5,,,,,,,,,,,,,,,,,,,,,,,,,,,,,,,,,,,,,,,,,,,,,,,,,,,,,,,,,,,,,,,,,,,,,,,,,,,,,,,,,,,,,,,,,,,,,,,,,,,,,,,,,,,,,,,,,,,,,,,,,,,,,,,,,,,,,,,,,,,,,,,,,,,,,,,,,,,,,,,,,,,,,,,,,,,,,,,,,,,,,,,,,,,,,,,,,,,,,358,39,92.0,91.0,90.0,83.0,89.0,86.0,91.0,86.0,92.0,92.0,,80.0,3.0,17.0,88.0,1.0,11.0,77.0,3.0,20.0,74.0,4.0,22.0,78.0,3.0,19.0,86.0,2.0,12.0,76.0,3.0,21.0,71.0,3.0,26.0,73.0,3.0,24.0,71.0,4.0,25.0,74.0,2.0,24.0,68.0,15.0,17.0,79.0,8.0,13.0,58.0,21.0,21.0,11.0,89.0,11.0,89.0,12.0,88.0,34.0,4.0,62.0,39.0,6.0,55.0,34.0,3.0,63.0,30.0,3.0,67.0,80.0,5.0,15.0,66.0,5.0,29.0,4.0,19.0,77.0,2.0,79.0,19.0,,,,4.0,3.0,5.0,4.0,4.0,4.0,4.0,4.0,4.0,4.0,4.0,,374.0,22.9,26.5,19.7,,,,,203.0,16.0,19.3,13.0,,,,,,,,,,,,,84.0,16.2,19.8,12.9,,,,,,,,,,,,,,,,,,,,,,,,,,,,,,,,,,,,,
18,16004F,IOWA CITY VA MEDICAL CENTER,07,2020,,,,,,,,,,,,,,,,,,,,,,,,,,,,,,,,,,,,,,,,,,,,,,,,,,,,,,,,,,,,,,,,,,,,,,,,,,,,,,,,,,,,,,,,,,,,,,,,,,,,,,,,,,,,,,,,,,,,,,,,,,,,,,,,,,,,,,,,,,,,,,,,,,,,,,,,,,,,,,,,,,,,,,,,,,,,,,,,,,,,,,,,,,,,,,,,,,,,,,,,,,,,,,,,,,,,,,,,,,,,,,,,,,,,,,,,,,,,,,,,,,,,,,,,,,,,,,,,,,,,,,,,,,,,,,,,,,,,,,,,,,,,,,,,,,,,,,,,,,,,,,,,,,,,,,,,,,,,,,,,,,,12.3,,,,,6.9,,10.5,,,,,,,,,11.7,,,,,,,,,,,,,,,,,,,,,,,,,,,,,,,,,,,,,,,,,,,,,,,,,,,,,,,,,,,,,,,,,,,,,,,,,,,,,,,,,,,,,,,,,,,,,,,,,,,,,,,,,,,,,,,,,,,,,,,,,,,,,,,,,,,,,,,,,,,,,,,,,,,,,,,,,,,,,,,,,,,,,,,,,,,,,,,,,,,,,,,,,,,,,,,,,,,,,383,39,93.0,91.0,89.0,83.0,88.0,85.0,91.0,86.0,91.0,91.0,,80.0,2.0,18.0,88.0,1.0,11.0,77.0,3.0,20.0,76.0,4.0,20.0,77.0,4.0,19.0,85.0,2.0,13.0,77.0,4.0,19.0,69.0,4.0,27.0,72.0,3.0,25.0,73.0,5.0,22.0,71.0,2.0,27.0,69.0,14.0,17.0,79.0,8.0,13.0,59.0,20.0,21.0,12.0,88.0,12.0,88.0,13.0,87.0,35.0,4.0,61.0,37.0,7.0,56.0,34.0,3.0,63.0,32.0,3.0,65.0,79.0,5.0,16.0,66.0,5.0,29.0,5.0,18.0,77.0,3.0,77.0,20.0,,,,4.0,3.0,4.0,4.0,3.0,4.0,4.0,4.0,4.0,4.0,4.0,,384.0,22.2,25.6,19.1,2029.0,17.6,18.7,15.9,211.0,16.0,19.2,13.2,235.0,19.0,22.1,16.1,,,,,,,,,82.0,17.1,20.9,13.9,,,,,,,,,82.0,4.8,30.7,-16.9,75.0,29.0,384.0,-10.2,8.9,-27.0,277.0,104.0,211.0,-3.5,19.1,-21.4,196.0,48.0,,,,,,,,,,,
19,16004F,IOWA CITY VA MEDICAL CENTER,10,2020,,,,,,,,,,,,,,,,,,,,,,,,,,,,,,,,,,,,,,,,,,,,,,,,,,,,,,,,,,,,,,,,,,,,,,,,,,,,,,,,,,,,,,,,,,,,,,,,,,,,,,,,,,,,,,,,,,,,,,,,,,,,,,,,,,,,,,,,,,,,,,,,,,,,,,,,,,,,,,,,,,,,,,,,,,,,,,,,,,,,,,,,,,,,,,,,,,,,,,,,,,,,,,,,,,,,,,,,,,,,,,,,,,,,,,,,,,,,,,,,,,,,,,,,,,,,,,,,,,,,,,,,,,,,,,,,,,,,,,,,,,,,,,,,,,,,,,,,,,,,,,,,,,,,,,,,,,,,,,,,,,,12.3,,,,,6.9,,10.5,,,,,,,,,11.7,,,,,,,,,,,,,,,,,,,,,,,,,,,,,,,,,,,,,,,,,,,,,,,,,,,,,,,,,,,,,,,,,,,,,,,,,,,,,,,,,,,,,,,,,,,,,,,,,,,,,,,,,,,,,,,,,,,,,,,,,,,,,,,,,,,,,,,,,,,,,,,,,,,,,,,,,,,,,,,,,,,,,,,,,,,,,,,,,,,,,,,,,,,,,,,,,,,,,361,37,92.0,91.0,89.0,82.0,88.0,85.0,90.0,87.0,91.0,91.0,,80.0,3.0,17.0,88.0,1.0,11.0,76.0,4.0,20.0,76.0,5.0,19.0,78.0,4.0,18.0,86.0,2.0,12.0,78.0,6.0,16.0,71.0,4.0,25.0,70.0,3.0,27.0,72.0,4.0,24.0,68.0,2.0,30.0,67.0,15.0,18.0,78.0,10.0,12.0,57.0,21.0,22.0,12.0,88.0,12.0,88.0,12.0,88.0,34.0,5.0,61.0,38.0,6.0,56.0,35.0,4.0,61.0,30.0,5.0,65.0,77.0,6.0,17.0,65.0,5.0,30.0,5.0,18.0,77.0,3.0,77.0,20.0,,,,4.0,3.0,4.0,4.0,3.0,4.0,3.0,4.0,4.0,4.0,4.0,,384.0,22.2,25.6,19.1,2029.0,17.6,18.7,15.9,211.0,16.0,19.2,13.2,235.0,19.0,22.1,16.1,,,,,,,,,82.0,17.1,20.9,13.9,,,,,,,,,82.0,4.8,30.7,-16.9,75.0,29.0,384.0,-10.2,8.9,-27.0,277.0,104.0,211.0,-3.5,19.1,-21.4,196.0,48.0,,,,,,,,,,,
20,16004F,IOWA CITY VA MEDICAL CENTER,01,2021,,,,,,,,,,,,,,,,,,,,,,,,,,,,,,,,,,,,,,,,,,,,,,,,,,,,,,,,,,,,,,,,,,,,,,,,,,,,,,,,,,,,,,,,,,,,,,,,,,,,,,,,,,,,,,,,,,,,,,,,,,,,,,,,,,,,,,,,,,,,,,,,,,,,,,,,,,,,,,,,,,,,,,,,,,,,,,,,,,,,,,,,,,,,,,,,,,,,,,,,,,,,,,,,,,,,,,,,,,,,,,,,,,,,,,,,,,,,,,,,,,,,,,,,,,,,,,,,,,,,,,,,,,,,,,,,,,,,,,,,,,,,,,,,,,,,,,,,,,,,,,,,,,,,,,,,,,,,,,,,,,,12.3,,,,,6.9,,10.5,,,,,,,,,11.7,,,,,,,,,,,,,,,,,,,,,,,,,,,,,,,,,,,,,,,,,,,,,,,,,,,,,,,,,,,,,,,,,,,,,,,,,,,,,,,,,,,,,,,,,,,,,,,,,,,,,,,,,,,,,,,,,,,,,,,,,,,,,,,,,,,,,,,,,,,,,,,,,,,,,,,,,,,,,,,,,,,,,,,,,,,,,,,,,,,,,,,,,,,,,,,,,,,,,361,37,92.0,91.0,89.0,82.0,88.0,85.0,90.0,87.0,91.0,91.0,,80.0,3.0,17.0,88.0,1.0,11.0,76.0,4.0,20.0,76.0,5.0,19.0,78.0,4.0,18.0,86.0,2.0,12.0,78.0,6.0,16.0,71.0,4.0,25.0,70.0,3.0,27.0,72.0,4.0,24.0,68.0,2.0,30.0,67.0,15.0,18.0,78.0,10.0,12.0,57.0,21.0,22.0,12.0,88.0,12.0,88.0,12.0,88.0,34.0,5.0,61.0,38.0,6.0,56.0,35.0,4.0,61.0,30.0,5.0,65.0,77.0,6.0,17.0,65.0,5.0,30.0,5.0,18.0,77.0,3.0,77.0,20.0,,,,4.0,3.0,4.0,4.0,3.0,4.0,3.0,4.0,4.0,4.0,4.0,,384.0,22.2,25.6,19.1,2029.0,17.6,18.7,15.9,211.0,16.0,19.2,13.2,235.0,19.0,22.1,16.1,,,,,,,,,82.0,17.1,20.9,13.9,,,,,,,,,82.0,4.8,30.7,-16.9,75.0,29.0,384.0,-10.2,8.9,-27.0,277.0,104.0,211.0,-3.5,19.1,-21.4,196.0,48.0,,,,,,,,,,,
21,16004F,IOWA CITY VA MEDICAL CENTER,03,2021,,,,,,,,,,,,,,,,,,,,,,,,,,,,,,,,,,,,,,,,,,,,,,,,,,,,,,,,,,,,,,,,,,,,,,,,,,,,,,,,,,,,,,,,,,,,,,,,,,,,,,,,,,,,,,,,,,,,,,,,,,,,,,,,,,,,,,,,,,,,,,,,,,,,,,,,,,,,,,,,,,,,,,,,,,,,,,,,,,,,,,,,,,,,,,,,,,,,,,,,,,,,,,,,,,,,,,,,,,,,,,,,,,,,,,,,,,,,,,,,,,,,,,,,,,,,,,,,,,,,,,,,,,,,,,,,,,,,,,,,,,,,,,,,,,,,,,,,,,,,,,,,,,,,,,,,,,,,,,,,,,,12.3,,,,,6.9,,10.5,,,,,,,,,11.7,,,,,,,,,,,,,,,,,,,,,,,,,,,,,,,,,,,,,,,,,,,,,,,,,,,,,,,,,,,,,,,,,,,,,,,,,,,,,,,,,,,,,,,,,,,,,,,,,,,,,,,,,,,,,,,,,,,,,,,,,,,,,,,,,,,,,,,,,,,,,,,,,,,,,,,,,,,,,,,,,,,,,,,,,,,,,,,,,,,,,,,,,,,,,,,,,,,,,361,37,92.0,91.0,89.0,82.0,88.0,85.0,90.0,87.0,91.0,91.0,,80.0,3.0,17.0,88.0,1.0,11.0,76.0,4.0,20.0,76.0,5.0,19.0,78.0,4.0,18.0,86.0,2.0,12.0,78.0,6.0,16.0,71.0,4.0,25.0,70.0,3.0,27.0,72.0,4.0,24.0,68.0,2.0,30.0,67.0,15.0,18.0,78.0,10.0,12.0,57.0,21.0,22.0,12.0,88.0,12.0,88.0,12.0,88.0,34.0,5.0,61.0,38.0,6.0,56.0,35.0,4.0,61.0,30.0,5.0,65.0,77.0,6.0,17.0,65.0,5.0,30.0,5.0,18.0,77.0,3.0,77.0,20.0,,,,4.0,3.0,4.0,4.0,3.0,4.0,3.0,4.0,4.0,4.0,4.0,,384.0,22.2,25.6,19.1,2029.0,17.6,18.7,15.9,211.0,16.0,19.2,13.2,235.0,19.0,22.1,16.1,,,,,,,,,82.0,17.1,20.9,13.9,,,,,,,,,82.0,4.8,30.7,-16.9,75.0,29.0,384.0,-10.2,8.9,-27.0,277.0,104.0,211.0,-3.5,19.1,-21.4,196.0,48.0,,,,,,,,,,,
22,16004F,IOWA CITY VA MEDICAL CENTER,04,2021,,,,,,,,,,,,,,,,,,,,,,,,,,,,,,,,,,,,,,,,,,,,,,,,,,,,,,,,,,,,,,,,,,,,,,,,,,,,,,,,,,,,,,,,,,,,,,,,,,,,,,,,,,,,,,,,,,,,,,,,,,,,,,,,,,,,,,,,,,,,,,,,,,,,,,,,,,,,,,,,,,,,,,,,,,,,,,,,,,,,,,,,,,,,,,,,,,,,,,,,,,,,,,,,,,,,,,,,,,,,,,,,,,,,,,,,,,,,,,,,,,,,,,,,,,,,,,,,,,,,,,,,,,,,,,,,,,,,,,,,,,,,,,,,,,,,,,,,,,,,,,,,,,,,,,,,,,,,,,,,,,,12.3,,,,,6.9,,10.5,,,,,,,,,11.7,,,,,,,,,,,,,,,,,,,,,,,,,,,,,,,,,,,,,,,,,,,,,,,,,,,,,,,,,,,,,,,,,,,,,,,,,,,,,,,,,,,,,,,,,,,,,,,,,,,,,,,,,,,,,,,,,,,,,,,,,,,,,,,,,,,,,,,,,,,,,,,,,,,,,,,,,,,,,,,,,,,,,,,,,,,,,,,,,,,,,,,,,,,,,,,,,,,,,361,37,92.0,91.0,89.0,82.0,88.0,85.0,90.0,87.0,91.0,91.0,,80.0,3.0,17.0,88.0,1.0,11.0,76.0,4.0,20.0,76.0,5.0,19.0,78.0,4.0,18.0,86.0,2.0,12.0,78.0,6.0,16.0,71.0,4.0,25.0,70.0,3.0,27.0,72.0,4.0,24.0,68.0,2.0,30.0,67.0,15.0,18.0,78.0,10.0,12.0,57.0,21.0,22.0,12.0,88.0,12.0,88.0,12.0,88.0,34.0,5.0,61.0,38.0,6.0,56.0,35.0,4.0,61.0,30.0,5.0,65.0,77.0,6.0,17.0,65.0,5.0,30.0,5.0,18.0,77.0,3.0,77.0,20.0,,,,4.0,3.0,4.0,4.0,3.0,4.0,3.0,4.0,4.0,4.0,4.0,,384.0,22.2,25.6,19.1,2029.0,17.6,18.7,15.9,211.0,16.0,19.2,13.2,235.0,19.0,22.1,16.1,,,,,,,,,82.0,17.1,20.9,13.9,,,,,,,,,82.0,4.8,30.7,-16.9,75.0,29.0,384.0,-10.2,8.9,-27.0,277.0,104.0,211.0,-3.5,19.1,-21.4,196.0,48.0,,,,,,,,,,,
23,16004F,IOWA CITY VA MEDICAL CENTER,07,2021,,317.0,,0.0,0.289,,,,,,0.0,0.542,,711.0,,,,,,,,,,,,,,,,,,,,,,,,,,,,,,,,,,,,,,,,,,,,,,,,,,,,,,,,,,,,,,,,,,,,,,,,,,,,,,,,,,,,,,,,,,,,,,,,,,,,,,,,,,,,,,,,,,,,,,,,,,,,,,,,,,,,,,,,,,,,,,,,,,,,,,,,,,,,,,,,,,,,,,,,,,,,,,,,,,,,,,,,,,,,,,,,,,,,,,,,,,,,,,,,,,,,,,,,,,,,,,,,,,,,,,,,,,,,,,,,,,,,,,,,,,,,,,,,,,,,,,,,,,,,,,,,,,,,,,,,,,,,,,,,,,,,,,,,,,,,,,,,,,,,,12.8,0.95,,,,6.7,,10.3,,,0.25,0.12,,1.18,2.39,3.02,11.6,,1.47,,4.09,3.28,0.97,1.74,1.9,,,,,,,,,,,,,,,,,,,,,,,,,,,,,,,,,,,,,,,,,,,,,,,,,,,,,,,,,,,,,,,,,,,,,,,,,,,,,,,,,,,,,,,,,,,,,,,,,,,,,,,,,,,,,,,,,,,,,,,,,,,,,,,,,,,,,,,,,,,,,,,,,,,,,,,,,,,,,,,,,,,,,,,,,,,,,,,,,,,,,,,,,,,,,361,37,92.0,91.0,89.0,82.0,88.0,85.0,90.0,87.0,91.0,91.0,,80.0,3.0,17.0,88.0,1.0,11.0,76.0,4.0,20.0,76.0,5.0,19.0,78.0,4.0,18.0,86.0,2.0,12.0,78.0,6.0,16.0,71.0,4.0,25.0,70.0,3.0,27.0,72.0,4.0,24.0,68.0,2.0,30.0,67.0,15.0,18.0,78.0,10.0,12.0,57.0,21.0,22.0,12.0,88.0,12.0,88.0,12.0,88.0,34.0,5.0,61.0,38.0,6.0,56.0,35.0,4.0,61.0,30.0,5.0,65.0,77.0,6.0,17.0,65.0,5.0,30.0,5.0,18.0,77.0,3.0,77.0,20.0,,,,4.0,3.0,4.0,4.0,3.0,4.0,3.0,4.0,4.0,4.0,4.0,,324.0,22.5,26.2,19.2,851.0,17.3,18.6,15.7,170.0,15.1,18.2,12.6,189.0,20.4,23.9,17.2,246.0,4.1,5.9,2.9,,,,,83.0,16.6,20.1,13.7,,,,,,,,,83.0,7.7,35.9,-14.4,74.0,29.0,324.0,-8.4,11.0,-26.9,233.0,90.0,170.0,-12.2,11.0,-31.3,155.0,30.0,,,,,,,,,,,
24,16004F,IOWA CITY VA MEDICAL CENTER,10,2021,,796.0,,3.0,0.733,,,,0.0,,0.0,1.202,,1571.0,,2.492,,,,,,,,,,,,,,,,,,,,,,,,,,,,,,,,,,,,,,,,,,,,,,,,,,,,,,,,,,,,,,,,,,,,,,,,,,,,,,,,,,,,,,,,,,,,,,,,,,,,,,,,,,,,,,,,,,,,,,,,,,,,,,,,,,,,,,,,,,,,,,,,,,,,,,,,,,,,,,,,,,,,,,,,,,,,,,,,,,,,,,,,,,,,,,,,,,,,,,,,,,,,,,,,,,,,,,,,,,,,,,,,,,,,,,,,,,,,,,,,,,,,,,,,,,,,,,,,,,,,,,,,,,,,,,,,,,,,,,,,,,,,,,,,,,,,,,,,,,,,,,,,,,,12.8,0.95,,,,6.7,,10.3,,,0.25,0.12,,1.18,2.39,3.02,11.6,,1.47,,4.09,3.28,0.97,1.73,1.9,,,,,,,,,,,,,,,,,,,,,,,,,,,,,,,,,,,,,,,,,,,,,,,,,,,,,,,,,,,,,,,,,,,,,,,,,,,,,,,,,,,,,,,,,,,,,,,,,,,,,,,,,,,,,,,,,,,,,,,,,,,,,,,,,,,,,,,,,,,,,,,,,,,,,,,,,,,,,,,,,,,,,,,,,,,,,,,,,,,,,,,,,,,,,256,41,94.0,94.0,89.0,82.0,89.0,86.0,91.0,89.0,93.0,94.0,,83.0,1.0,16.0,90.0,1.0,9.0,81.0,1.0,18.0,78.0,1.0,21.0,83.0,1.0,16.0,92.0,1.0,7.0,84.0,2.0,14.0,75.0,2.0,23.0,71.0,3.0,26.0,77.0,3.0,20.0,66.0,4.0,30.0,66.0,14.0,20.0,77.0,8.0,15.0,56.0,20.0,24.0,11.0,89.0,11.0,89.0,11.0,89.0,34.0,3.0,63.0,38.0,4.0,58.0,34.0,3.0,63.0,29.0,3.0,68.0,82.0,7.0,11.0,72.0,4.0,24.0,5.0,12.0,83.0,2.0,84.0,14.0,,,,4.0,4.0,5.0,4.0,4.0,4.0,5.0,4.0,5.0,5.0,4.0,,324.0,22.5,26.2,19.2,851.0,17.3,18.6,15.7,170.0,15.1,18.2,12.6,189.0,20.4,23.9,17.2,246.0,4.1,5.9,2.9,,,,,83.0,16.6,20.1,13.7,,,,,,,,,83.0,7.7,35.9,-14.4,74.0,29.0,324.0,-8.4,11.0,-26.9,233.0,90.0,170.0,-12.2,11.0,-31.3,155.0,30.0,,,,,,,,,,,
25,16004F,IOWA CITY VA MEDICAL CENTER,01,2022,3.5,1243.0,,4.0,1.143,,1.112,8.441,0.0,,0.0,1.837,,2390.0,,1.631,,,,,,,,,,,,,,,,,,,,,,,,,,,,,,,,,,,,,,,,,,,,,,,,,,,,,,,,,,,,,,,,,,,,,,,,,,,,,,,,,,,,,,,,,,,,,,,,,,,,,,,,,,,,,,,,,,,,,,,,,,,,,,,,,,,,,,,,,,,,,,,,,,,,,,,,,,,,,,,,,,,,,,,,,,,,,,,,,,,,,,,,,,,,,,,,,,,,,,,,,,,,,,,,,,,,,,,,,,,,,,,,,,,,,,,,,,,,,,,,,,,,,,,,,,,,,,,,,,,,,,,,,,,,,,,,,,,,,,,,,,,,,,,,,,,,,,,,,,,,,,,,,,,12.8,0.95,,,,6.7,,10.3,,,0.25,0.12,,1.18,2.39,3.02,11.6,,1.47,,4.09,3.28,0.97,1.73,1.9,,,,,,,,,,,,,,,,,,,,,,,,,,,,,,,,,,,,,,,,,,,,,,,,,,,,,,,,,,,,,,,,,,,,,,,,,,,,,,,,,,,,,,,,,,,,,,,,,,,,,,,,,,,,,,,,,,,,,,,,,,,,,,,,,,,,,,,,,,,,,,,,,,,,,,,,,,,,,,,,,,,,,,,,,,,,,,,,,,,,,,,,,,,,,369,42,95.0,95.0,90.0,82.0,89.0,86.0,91.0,89.0,93.0,93.0,,85.0,1.0,14.0,92.0,1.0,7.0,83.0,1.0,16.0,80.0,1.0,19.0,85.0,1.0,14.0,93.0,1.0,6.0,86.0,1.0,13.0,77.0,2.0,21.0,73.0,3.0,24.0,79.0,2.0,19.0,68.0,3.0,29.0,68.0,14.0,18.0,78.0,8.0,14.0,57.0,21.0,22.0,11.0,89.0,11.0,89.0,11.0,89.0,34.0,3.0,63.0,41.0,3.0,56.0,35.0,3.0,62.0,28.0,2.0,70.0,82.0,7.0,11.0,70.0,3.0,27.0,4.0,15.0,81.0,2.0,83.0,15.0,,,,5.0,5.0,5.0,4.0,4.0,4.0,5.0,4.0,5.0,5.0,5.0,,324.0,22.5,26.2,19.2,851.0,17.3,18.6,15.7,170.0,15.1,18.2,12.6,189.0,20.4,23.9,17.2,246.0,4.1,5.9,2.9,,,,,83.0,16.6,20.1,13.7,,,,,,,,,83.0,7.7,35.9,-14.4,74.0,29.0,324.0,-8.4,11.0,-26.9,233.0,90.0,170.0,-12.2,11.0,-31.3,155.0,30.0,,,,,,,,,,,
26,16004F,IOWA CITY VA MEDICAL CENTER,04,2022,3.5,1243.0,,4.0,1.143,,1.112,8.441,0.0,,0.0,1.837,,2390.0,,1.631,,,,,,,,,,,,,,,,,,,,,,,,,,,,,,,,,,,,,,,,,,,,,,,,,,,,,,,,,,,,,,,,,,,,,,,,,,,,,,,,,,,,,,,,,,,,,,,,,,,,,,,,,,,,,,,,,,,,,,,,,,,,,,,,,,,,,,,,,,,,,,,,,,,,,,,,,,,,,,,,,,,,,,,,,,,,,,,,,,,,,,,,,,,,,,,,,,,,,,,,,,,,,,,,,,,,,,,,,,,,,,,,,,,,,,,,,,,,,,,,,,,,,,,,,,,,,,,,,,,,,,,,,,,,,,,,,,,,,,,,,,,,,,,,,,,,,,,,,,,,,,,,,,,12.8,0.95,,,,6.7,,10.3,,,0.25,0.12,,1.18,2.39,3.02,11.6,,1.47,,4.09,3.28,0.97,1.73,1.9,,,,,,,,,,,,,,,,,,,,,,,,,,,,,,,,,,,,,,,,,,,,,,,,,,,,,,,,,,,,,,,,,,,,,,,,,,,,,,,,,,,,,,,,,,,,,,,,,,,,,,,,,,,,,,,,,,,,,,,,,,,,,,,,,,,,,,,,,,,,,,,,,,,,,,,,,,,,,,,,,,,,,,,,,,,,,,,,,,,,,,,,,,,,,369,42,95.0,95.0,90.0,82.0,89.0,86.0,91.0,89.0,93.0,93.0,,85.0,1.0,14.0,92.0,1.0,7.0,83.0,1.0,16.0,80.0,1.0,19.0,85.0,1.0,14.0,93.0,1.0,6.0,86.0,1.0,13.0,77.0,2.0,21.0,73.0,3.0,24.0,79.0,2.0,19.0,68.0,3.0,29.0,68.0,14.0,18.0,78.0,8.0,14.0,57.0,21.0,22.0,11.0,89.0,11.0,89.0,11.0,89.0,34.0,3.0,63.0,41.0,3.0,56.0,35.0,3.0,62.0,28.0,2.0,70.0,82.0,7.0,11.0,70.0,3.0,27.0,4.0,15.0,81.0,2.0,83.0,15.0,,,,5.0,5.0,5.0,4.0,4.0,4.0,5.0,4.0,5.0,5.0,5.0,,324.0,22.5,26.2,19.2,851.0,17.3,18.6,15.7,170.0,15.1,18.2,12.6,189.0,20.4,23.9,17.2,246.0,4.1,5.9,2.9,,,,,83.0,16.6,20.1,13.7,,,,,,,,,83.0,7.7,35.9,-14.4,74.0,29.0,324.0,-8.4,11.0,-26.9,233.0,90.0,170.0,-12.2,11.0,-31.3,155.0,30.0,,,,,,,,,,,
27,16004F,IOWA CITY VA MEDICAL CENTER,07,2022,2.841,1921.0,,5.0,1.76,,1.041,6.297,0.403,,1.0,2.479,,3223.0,0.02,1.989,,,,,,,,,,,,,,,,,,,,,,,,,,,,,,,,,,,,,,,,,,,,,,,,,,,,,,,,,,,,,,,,,,,,,,,,,,,,,,,,,,,,,,,,,,,,,,,,,,,,,,,,,,,,,,,,,,,,,,,,,,,,,,,,,,,,,,,,,,,,,,,,,,,,,,,,,,,,,,,,,,,,,,,,,,,,,,,,,,,,,,,,,,,,,,,,,,,,,,,,,,,,,,,,,,,,,,,,,,,,,,,,,,,,,,,,,,,,,,,,,,,,,,,,,,,,,,,,,,,,,,,,,,,,,,,,,,,,,,,,,,,,,,,,,,,,,,,,,,,,,,,,,,,11.2,,,,,7.0,,10.8,,,,,,,,,,,,,,,,,2.3,,,,,,,,,,,,,,,,,,,,,,,,,,,,,,,,,,,,,,,,,,,,,,,,,,,,,,,,,,,,,,,,,,,,,,,,,,,,,,,,,,,,,,,,,,,,,,,,,,,,,,,,,,,,,,,,,,,,,,,,,,,,,,,,,,,,,,,,,,,,,,,,,,,,,,,,,,,,,,,,,,,,,,,,,,,,,,,,,,,,,,,,,,,,,505,41,93.0,94.0,89.0,82.0,90.0,86.0,92.0,88.0,92.0,93.0,,82.0,2.0,16.0,90.0,2.0,8.0,81.0,2.0,17.0,76.0,2.0,22.0,84.0,2.0,14.0,92.0,1.0,7.0,83.0,2.0,15.0,78.0,2.0,20.0,72.0,4.0,24.0,74.0,3.0,23.0,70.0,6.0,24.0,70.0,15.0,15.0,81.0,10.0,9.0,58.0,21.0,21.0,10.0,90.0,11.0,89.0,10.0,90.0,35.0,3.0,62.0,41.0,4.0,55.0,35.0,3.0,62.0,28.0,3.0,69.0,82.0,5.0,13.0,70.0,3.0,27.0,5.0,15.0,80.0,3.0,81.0,16.0,,,,4.0,4.0,4.0,4.0,4.0,4.0,5.0,4.0,4.0,5.0,4.0,,313.0,21.1,24.6,18.0,1582.0,16.4,17.6,15.1,,,,,140.0,18.9,22.8,15.6,222.0,3.8,5.6,2.6,,,,,96.0,16.1,19.6,13.0,,,,,,,,,96.0,2.2,29.0,-19.0,89.0,27.0,313.0,5.5,28.6,-15.7,245.0,88.0,115.0,-10.4,17.4,-32.8,107.0,21.0,,,,,,,,,,,
28,16004F,IOWA CITY VA MEDICAL CENTER,10,2022,0.988,2215.0,,2.0,2.025,,0.166,3.263,0.397,,1.0,2.517,,3267.0,0.02,1.959,,,,,,,,,,,,,,,,,,,,,,,,,,,,,,,,,,,,,,,,,,,,,,,,,,,,,,,,,,,,,,,,,,,,,,,,,,,,,,,,,,,,,,,,,,,,,,,,,,,,,,,,,,,,,,,,,,,,,,,,,,,,,,,,,,,,,,,,,,,,,,,,,,,,,,,,,,,,,,,,,,,,,,,,,,,,,,,,,,,,,,,,,,,,,,,,,,,,,,,,,,,,,,,,,,,,,,,,,,,,,,,,,,,,,,,,,,,,,,,,,,,,,,,,,,,,,,,,,,,,,,,,,,,,,,,,,,,,,,,,,,,,,,,,,,,,,,,,,,,,,,,,,,,11.2,,,,,7.0,,10.8,,,,,,,,,,,,,,,,,2.3,,,,,,,,,,,,,,,,,,,,,,,,,,,,,,,,,,,,,,,,,,,,,,,,,,,,,,,,,,,,,,,,,,,,,,,,,,,,,,,,,,,,,,,,,,,,,,,,,,,,,,,,,,,,,,,,,,,,,,,,,,,,,,,,,,,,,,,,,,,,,,,,,,,,,,,,,,,,,,,,,,,,,,,,,,,,,,,,,,,,,,,,,,,,,469,40,94.0,94.0,89.0,85.0,90.0,86.0,92.0,88.0,92.0,92.0,,83.0,2.0,15.0,90.0,2.0,8.0,82.0,2.0,16.0,78.0,2.0,20.0,85.0,2.0,13.0,92.0,1.0,7.0,84.0,2.0,14.0,80.0,2.0,18.0,70.0,4.0,26.0,70.0,4.0,26.0,69.0,4.0,27.0,74.0,13.0,13.0,85.0,7.0,8.0,63.0,18.0,19.0,10.0,90.0,10.0,90.0,9.0,91.0,34.0,3.0,63.0,41.0,3.0,56.0,33.0,3.0,64.0,28.0,3.0,69.0,83.0,4.0,13.0,69.0,3.0,28.0,4.0,15.0,81.0,3.0,81.0,16.0,,,,5.0,5.0,4.0,5.0,4.0,5.0,5.0,4.0,4.0,4.0,5.0,,313.0,21.1,24.6,18.0,1582.0,16.4,17.6,15.1,,,,,140.0,18.9,22.8,15.6,222.0,3.8,5.6,2.6,,,,,96.0,16.1,19.6,13.0,,,,,,,,,96.0,2.2,29.0,-19.0,89.0,27.0,313.0,5.5,28.6,-15.7,245.0,88.0,115.0,-10.4,17.4,-32.8,107.0,21.0,,,,,,,,,,,
29,16004F,IOWA CITY VA MEDICAL CENTER,01,2023,0.928,2354.0,,2.0,2.155,,0.156,3.066,0.395,,1.0,2.533,,3296.0,0.02,1.947,,,,,,,,,,,,,,,,,,,,,,,,,,,,,,,,,,,,,,,,,,,,,,,,,,,,,,,,,,,,,,,,,,,,,,,,,,,,,,,,,,,,,,,,,,,,,,,,,,,,,,,,,,,,,,,,,,,,,,,,,,,,,,,,,,,,,,,,,,,,,,,,,,,,,,,,,,,,,,,,,,,,,,,,,,,,,,,,,,,,,,,,,,,,,,,,,,,,,,,,,,,,,,,,,,,,,,,,,,,,,,,,,,,,,,,,,,,,,,,,,,,,,,,,,,,,,,,,,,,,,,,,,,,,,,,,,,,,,,,,,,,,,,,,,,,,,,,,,,,,,,,,,,,11.2,0.78,,,,7.0,,10.8,,,0.2,0.13,,0.7,,2.27,13.5,,0.71,2.31,2.05,2.49,0.96,0.65,2.3,,,,,,,,,,,,,,,,,,,,,,,,,,,,,,,,,,,,,,,,,,,,,,,,,,,,,,,,,,,,,,,,,,,,,,,,,,,,,,,,,,,,,,,,,,,,,,,,,,,,,,,,,,,,,,,,,,,,,,,,,,,,,,,,,,,,,,,,,,,,,,,,,,,,,,,,,,,,,,,,,,,,,,,,,,,,,,,,,,,,,,,,,,,,,456,38,93.0,93.0,88.0,85.0,91.0,85.0,91.0,89.0,91.0,92.0,,82.0,2.0,16.0,88.0,2.0,10.0,81.0,3.0,16.0,77.0,2.0,21.0,83.0,3.0,14.0,90.0,2.0,8.0,81.0,3.0,16.0,77.0,4.0,19.0,69.0,5.0,26.0,67.0,6.0,27.0,71.0,5.0,24.0,75.0,12.0,13.0,86.0,6.0,8.0,64.0,17.0,19.0,9.0,91.0,10.0,90.0,9.0,91.0,32.0,5.0,63.0,39.0,5.0,56.0,33.0,4.0,63.0,27.0,5.0,68.0,82.0,5.0,13.0,71.0,3.0,26.0,5.0,14.0,81.0,3.0,82.0,15.0,,,,4.0,4.0,4.0,5.0,5.0,4.0,5.0,5.0,4.0,5.0,4.0,,313.0,21.1,24.6,18.0,1582.0,16.4,17.6,15.1,115.0,16.1,19.3,13.3,140.0,18.9,22.8,15.6,222.0,3.8,5.6,2.6,,,,,96.0,16.1,19.6,13.0,,,,,,,,,96.0,2.2,29.0,-19.0,89.0,27.0,313.0,5.5,28.6,-15.7,245.0,88.0,115.0,-10.4,17.4,-32.8,107.0,21.0,,,,,,,,,,,
30,16004F,IOWA CITY VA MEDICAL CENTER,04,2023,0.434,2517.0,,1.0,2.302,,0.022,2.142,0.0,,0.0,2.389,,3105.0,,1.254,,,,,,,,,,,,,,,,,,,,,,,,,,,,,,,,,,,,,,,,,,,,,,,,,,,,,,,,,,,,,,,,,,,,,,,,,,,,,,,,,,,,,,,,,,,,,,,,,,,,,,,,,,,,,,,,,,,,,,,,,,,,,,,,,,,,,,,,,,,,,,,,,,,,,,,,,,,,,,,,,,,,,,,,,,,,,,,,,,,,,,,,,,,,,,,,,,,,,,,,,,,,,,,,,,,,,,,,,,,,,,,,,,,,,,,,,,,,,,,,,,,,,,,,,,,,,,,,,,,,,,,,,,,,,,,,,,,,,,,,,,,,,,,,,,,,,,,,,,,,,,,,,,,11.2,0.78,,,,7.0,,10.8,,,0.2,0.13,,0.7,,2.27,13.5,,0.71,2.31,2.05,2.49,0.96,0.65,2.3,,,,,,,,,,,,,,,,,,,,,,,,,,,,,,,,,,,,,,,,,,,,,,,,,,,,,,,,,,,,,,,,,,,,,,,,,,,,,,,,,,,,,,,,,,,,,,,,,,,,,,,,,,,,,,,,,,,,,,,,,,,,,,,,,,,,,,,,,,,,,,,,,,,,,,,,,,,,,,,,,,,,,,,,,,,,,,,,,,,,,,,,,,,,,398,36,93.0,93.0,88.0,87.0,91.0,86.0,92.0,89.0,92.0,93.0,,83.0,2.0,15.0,89.0,2.0,9.0,81.0,3.0,16.0,78.0,2.0,20.0,83.0,3.0,14.0,90.0,2.0,8.0,81.0,3.0,16.0,77.0,4.0,19.0,69.0,4.0,27.0,65.0,5.0,30.0,72.0,4.0,24.0,76.0,10.0,14.0,86.0,4.0,10.0,66.0,16.0,18.0,9.0,91.0,9.0,91.0,9.0,91.0,31.0,5.0,64.0,37.0,5.0,58.0,32.0,5.0,63.0,25.0,5.0,70.0,82.0,5.0,13.0,71.0,2.0,27.0,5.0,13.0,82.0,3.0,83.0,14.0,,,,4.0,4.0,4.0,5.0,5.0,5.0,5.0,5.0,5.0,5.0,5.0,,313.0,21.1,24.6,18.0,1582.0,16.4,17.6,15.1,115.0,16.1,19.3,13.3,140.0,18.9,22.8,15.6,222.0,3.8,5.6,2.6,,,,,96.0,16.1,19.6,13.0,,,,,,,,,96.0,2.2,29.0,-19.0,89.0,27.0,313.0,5.5,28.6,-15.7,245.0,88.0,115.0,-10.4,17.4,-32.8,107.0,21.0,,,,,,,,,,,
31,16004F,IOWA CITY VA MEDICAL CENTER,07,2023,0.465,2352.0,,1.0,2.152,,0.023,2.292,0.794,,2.0,2.519,,3268.0,0.133,2.623,,,,,,,,,,,,,,,,,,,,,,,,,,,,,,,,,,,,,,,,,,,,,,,,,,,,,,,,,,,,,,,,,,,,,,,,,,,,,,,,,,,,,,,,,,,,,,,,,,,,,,,,,,,,,,,,,,,,,,,,,,,,,,,,,,,,,,,,,,,,,,,,,,,,,,,,,,,,,,,,,,,,,,,,,,,,,,,,,,,,,,,,,,,,,,,,,,,,,,,,,,,,,,,,,,,,,,,,,,,,,,,,,,,,,,,,,,,,,,,,,,,,,,,,,,,,,,,,,,,,,,,,,,,,,,,,,,,,,,,,,,,,,,,,,,,,,,,,,,,,,,,,,,,11.7,0.78,,,,8.6,,10.3,,,0.2,0.13,,0.7,,2.27,14.2,,0.71,2.31,2.05,2.49,0.96,0.65,3.5,,,,,,,,,,,,,,,,,,,,,,,,,,,,,,,,,,,,,,,,,,,,,,,,,,,,,,,,,,,,,,,,,,,,,,,,,,,,,,,,,,,,,,,,,,,,,,,,,,,,,,,,,,,,,,,,,,,,,,,,,,,,,,,,,,,,,,,,,,,,,,,,,,,,,,,,,,,,,,,,,,,,,,,,,,,,,,,,,,,,,,,,,,,,,448,39,94.0,93.0,87.0,87.0,91.0,85.0,90.0,89.0,92.0,92.0,,84.0,2.0,14.0,90.0,1.0,9.0,82.0,3.0,15.0,82.0,2.0,16.0,82.0,3.0,15.0,89.0,2.0,9.0,82.0,3.0,15.0,76.0,4.0,20.0,66.0,5.0,29.0,64.0,5.0,31.0,68.0,4.0,28.0,76.0,8.0,16.0,86.0,2.0,12.0,66.0,15.0,19.0,9.0,91.0,10.0,90.0,8.0,92.0,33.0,4.0,63.0,38.0,5.0,57.0,33.0,4.0,63.0,26.0,4.0,70.0,80.0,6.0,14.0,70.0,2.0,28.0,4.0,14.0,82.0,2.0,82.0,16.0,,,,5.0,4.0,4.0,5.0,5.0,5.0,4.0,5.0,5.0,5.0,5.0,,273.0,20.2,23.7,17.2,1623.0,14.2,15.4,13.2,108.0,15.4,18.6,12.6,122.0,18.6,22.8,15.0,212.0,4.0,6.0,2.7,,,,,85.0,14.9,18.5,11.9,,,,,,,,,85.0,-8.8,15.2,-27.5,81.0,23.0,273.0,20.7,46.2,-2.7,214.0,73.0,108.0,-40.0,-17.8,-57.3,99.0,21.0,,,,,,,,,,,
32,16004F,IOWA CITY VA MEDICAL CENTER,10,2023,0.465,2352.0,,1.0,2.152,,0.023,2.292,0.794,,2.0,2.519,,3268.0,0.133,2.623,,,,,,,,,,,,,,,,,,,,,,,,,,,,,,,,,,,,,,,,,,,,,,,,,,,,,,,,,,,,,,,,,,,,,,,,,,,,,,,,,,,,,,,,,,,,,,,,,,,,,,,,,,,,,,,,,,,,,,,,,,,,,,,,,,,,,,,,,,,,,,,,,,,,,,,,,,,,,,,,,,,,,,,,,,,,,,,,,,,,,,,,,,,,,,,,,,,,,,,,,,,,,,,,,,,,,,,,,,,,,,,,,,,,,,,,,,,,,,,,,,,,,,,,,,,,,,,,,,,,,,,,,,,,,,,,,,,,,,,,,,,,,,,,,,,,,,,,,,,,,,,,,,,11.7,0.78,,,,8.6,,10.3,,,0.2,0.13,,0.7,,2.27,14.2,,0.71,2.31,2.05,2.49,0.96,0.65,3.5,,,,,,,,,,,,,,,,,,,,,,,,,,,,,,,,,,,,,,,,,,,,,,,,,,,,,,,,,,,,,,,,,,,,,,,,,,,,,,,,,,,,,,,,,,,,,,,,,,,,,,,,,,,,,,,,,,,,,,,,,,,,,,,,,,,,,,,,,,,,,,,,,,,,,,,,,,,,,,,,,,,,,,,,,,,,,,,,,,,,,,,,,,,,,448,39,94.0,93.0,87.0,87.0,91.0,85.0,90.0,89.0,92.0,92.0,,84.0,2.0,14.0,90.0,1.0,9.0,82.0,3.0,15.0,82.0,2.0,16.0,82.0,3.0,15.0,89.0,2.0,9.0,82.0,3.0,15.0,76.0,4.0,20.0,66.0,5.0,29.0,64.0,5.0,31.0,68.0,4.0,28.0,76.0,8.0,16.0,86.0,2.0,12.0,66.0,15.0,19.0,9.0,91.0,10.0,90.0,8.0,92.0,33.0,4.0,63.0,38.0,5.0,57.0,33.0,4.0,63.0,26.0,4.0,70.0,80.0,6.0,14.0,70.0,2.0,28.0,4.0,14.0,82.0,2.0,82.0,16.0,,,,5.0,4.0,4.0,5.0,5.0,5.0,4.0,5.0,5.0,5.0,5.0,,273.0,20.2,23.7,17.2,1623.0,14.2,15.4,13.2,108.0,15.4,18.6,12.6,122.0,18.6,22.8,15.0,212.0,4.0,6.0,2.7,,,,,85.0,14.9,18.5,11.9,,,,,,,,,85.0,-8.8,15.2,-27.5,81.0,23.0,273.0,20.7,46.2,-2.7,214.0,73.0,108.0,-40.0,-17.8,-57.3,99.0,21.0,,,,,,,,,,,
