,Facility ID,Facility Name,file_month,file_year,Healthcare Associated Infections: CLABSI (SIR),Healthcare Associated Infections: CLABSI Number of Device Days,Healthcare Associated Infections: CLABSI Number of Procedures,Healthcare Associated Infections: CLABSI Observed Cases,Healthcare Associated Infections: CLABSI Predicted Cases,Healthcare Associated Infections: CLABSI SIR (ICUs only),Healthcare Associated Infections: CLABSI lower CL,Healthcare Associated Infections: CLABSI upper CL,Healthcare Associated Infections: CAUTI (SIR),Healthcare Associated Infections: CAUTI Number of Procedures,Healthcare Associated Infections: CAUTI Observed Cases,Healthcare Associated Infections: CAUTI Predicted Cases,Healthcare Associated Infections: CAUTI SIR (ICUs only),Healthcare Associated Infections: CAUTI Urinary Catheter Days,Healthcare Associated Infections: CAUTI lower CL,Healthcare Associated Infections: CAUTI upper CL,Healthcare Associated Infections: MRSA (SIR),Healthcare Associated Infections: MRSA Observed Cases,Healthcare Associated Infections: MRSA Predicted Cases,Healthcare Associated Infections: MRSA lower CL,Healthcare Associated Infections: MRSA patient days,Healthcare Associated Infections: MRSA upper CL,Healthcare Associated Infections: CDIFF (SIR),Healthcare Associated Infections: CDIFF Observed Cases,Healthcare Associated Infections: CDIFF Predicted Cases,Healthcare Associated Infections: CDIFF lower CL,Healthcare Associated Infections: CDIFF patient days,Healthcare Associated Infections: CDIFF upper CL,Healthcare Associated Infections: SSI Colon Number of Procedures,Healthcare Associated Infections: SSI Colon Observed Cases,Healthcare Associated Infections: SSI Colon Predicted Cases,Healthcare Associated Infections: SSI Colon Surgery (SIR),Healthcare Associated Infections: SSI Colon lower CL,Healthcare Associated Infections: SSI Colon upper CL,Healthcare Associated Infections: SSI Abdominal Hysterectomy (SIR),Healthcare Associated Infections: SSI Abdominal Number of Procedures,Healthcare Associated Infections: SSI Abdominal Observed Cases,Healthcare Associated Infections: SSI Abdominal Predicted Cases,Healthcare Associated Infections: SSI Abdominal lower CL,Healthcare Associated Infections: SSI Abdominal upper CL,HVBP Total Performance: Total Performance Score,HVBP Total Performance: Unweighted Normalized Clinical Outcomes Domain Score,HVBP Total Performance: Unweighted Normalized Efficiency And Cost Reduction Domain Score,HVBP Total Performance: Unweighted Normalized Safety Domain Score,HVBP Total Performance: Unweighted Person And Community Engagement Domain Score,HVBP Total Performance: Weighted Efficiency And Cost Reduction Domain Score,HVBP Total Performance: Weighted Normalized Clinical Outcomes Domain Score,HVBP Total Performance: Weighted Person And Community Engagement Domain Score,HVBP Total Performance: Weighted Safety Domain Score,HVBP Total Performance: Unweighted Normalized Efficiency and Cost Reduction Domain Score,HVBP Total Performance: Unweighted Person and Community Engagement Domain Score,HVBP Total Performance: Weighted Efficiency and Cost Reduction Domain Score,HVBP Total Performance: Weighted Person and Community Engagement Domain Score,HVBP Total Performance: Unweighted Normalized Clinical Care Domain Score,HVBP Total Performance: Weighted Normalized Clinical Care Domain Score,HVBP Total Performance: Unweighted Patient and Caregiver Centered Experience of Care/Care Coordination Domain Score,HVBP Total Performance: Weighted Patient and Caregiver Centered Experience of Care/Care Coordination Domain Score,HVBP Total Performance: Unweighted Normalized Clinical Care - Outcomes Domain Score,HVBP Total Performance: Unweighted Normalized Clinical Care - Process Domain Score,HVBP Total Performance: Weighted Clinical Care - Process Domain Score,HVBP Total Performance: Weighted Normalized Clinical Care - Outcomes Domain Score,HVBP Total Performance: Unweighted Normalized Clinical Process of Care Domain Score,HVBP Total Performance: Unweighted Normalized Efficiency Domain Score,HVBP Total Performance: Unweighted Normalized Outcome Domain Score,HVBP Total Performance: Unweighted Patient Experience of Care Domain Score,HVBP Total Performance: Weighted Clinical Process of Care Domain Score,HVBP Total Performance: Weighted Efficiency Domain Score,HVBP Total Performance: Weighted Outcome Domain Score,HVBP Total Performance: Weighted Patient Experience of Care Domain Score,HVBP Clinical Outcomes: COMP-HIP-KNEE Achievement Points,HVBP Clinical Outcomes: COMP-HIP-KNEE Achievement Threshold,HVBP Clinical Outcomes: COMP-HIP-KNEE Baseline Rate,HVBP Clinical Outcomes: COMP-HIP-KNEE Benchmark,HVBP Clinical Outcomes: COMP-HIP-KNEE Improvement Points,HVBP Clinical Outcomes: COMP-HIP-KNEE Measure Score,HVBP Clinical Outcomes: COMP-HIP-KNEE Performance Rate,HVBP Clinical Outcomes: MORT-30-AMI Achievement Points,HVBP Clinical Outcomes: MORT-30-AMI Achievement Threshold,HVBP Clinical Outcomes: MORT-30-AMI Baseline Rate,HVBP Clinical Outcomes: MORT-30-AMI Benchmark,HVBP Clinical Outcomes: MORT-30-AMI Improvement Points,HVBP Clinical Outcomes: MORT-30-AMI Measure Score,HVBP Clinical Outcomes: MORT-30-AMI Performance Rate,HVBP Clinical Outcomes: MORT-30-CABG Achievement Points,HVBP Clinical Outcomes: MORT-30-CABG Achievement Threshold,HVBP Clinical Outcomes: MORT-30-CABG Baseline Rate,HVBP Clinical Outcomes: MORT-30-CABG Benchmark,HVBP Clinical Outcomes: MORT-30-CABG Improvement Points,HVBP Clinical Outcomes: MORT-30-CABG Measure Score,HVBP Clinical Outcomes: MORT-30-CABG Performance Rate,HVBP Clinical Outcomes: MORT-30-COPD Achievement Points,HVBP Clinical Outcomes: MORT-30-COPD Achievement Threshold,HVBP Clinical Outcomes: MORT-30-COPD Baseline Rate,HVBP Clinical Outcomes: MORT-30-COPD Benchmark,HVBP Clinical Outcomes: MORT-30-COPD Improvement Points,HVBP Clinical Outcomes: MORT-30-COPD Measure Score,HVBP Clinical Outcomes: MORT-30-COPD Performance Rate,HVBP Clinical Outcomes: MORT-30-HF Achievement Points,HVBP Clinical Outcomes: MORT-30-HF Achievement Threshold,HVBP Clinical Outcomes: MORT-30-HF Baseline Rate,HVBP Clinical Outcomes: MORT-30-HF Benchmark,HVBP Clinical Outcomes: MORT-30-HF Improvement Points,HVBP Clinical Outcomes: MORT-30-HF Measure Score,HVBP Clinical Outcomes: MORT-30-HF Performance Rate,HVBP Clinical Outcomes: MORT-30-PN Achievement Points,HVBP Clinical Outcomes: MORT-30-PN Achievement Threshold,HVBP Clinical Outcomes: MORT-30-PN Baseline Rate,HVBP Clinical Outcomes: MORT-30-PN Benchmark,HVBP Clinical Outcomes: MORT-30-PN Improvement Points,HVBP Clinical Outcomes: MORT-30-PN Measure Score,HVBP Clinical Outcomes: MORT-30-PN Performance Rate,HVBP Clinical Outcomes: Combined SSI Measure Score,HVBP Clinical Outcomes: HAI-1 Achievement Points,HVBP Clinical Outcomes: HAI-1 Improvement Points,HVBP Clinical Outcomes: HAI-1 Measure Score,HVBP Clinical Outcomes: HAI-1 Performance_Rate,HVBP Clinical Outcomes: HAI-2 Achievement Points,HVBP Clinical Outcomes: HAI-2 Improvement Points,HVBP Clinical Outcomes: HAI-2 Measure Score,HVBP Clinical Outcomes: HAI-2 Performance Rate,HVBP Clinical Outcomes: HAI-3 Achievement Points,HVBP Clinical Outcomes: HAI-3 Improvement Points,HVBP Clinical Outcomes: HAI-3 Measure Score,HVBP Clinical Outcomes: HAI-3 Performance Rate,HVBP Clinical Outcomes: HAI-4 Achievement Points,HVBP Clinical Outcomes: HAI-4 Improvement Points,HVBP Clinical Outcomes: HAI-4 Measure Score,HVBP Clinical Outcomes: HAI-4 Performance Rate,HVBP Clinical Outcomes: PSI-90 Achievement Points,HVBP Clinical Outcomes: PSI-90 Improvement Points,HVBP Clinical Outcomes: PSI-90 Measure Score,HVBP Clinical Outcomes: PSI-90 Performance Rate,HVBP Clinical Outcomes: HAI-1 Performance Rate,HVBP Efficiency: MSPB-1 Achievement Points,HVBP Efficiency: MSPB-1 Achievement Threshold,HVBP Efficiency: MSPB-1 Baseline Rate,HVBP Efficiency: MSPB-1 Benchmark,HVBP Efficiency: MSPB-1 Improvement Points,HVBP Efficiency: MSPB-1 Measure Score,HVBP Efficiency: MSPB-1 Performance Rate,HVBP Safety: Combined SSI Measure Score,HVBP Safety: HAI-1 Achievement Points,HVBP Safety: HAI-1 Achievement Threshold,HVBP Safety: HAI-1 Baseline Rate,HVBP Safety: HAI-1 Benchmark,HVBP Safety: HAI-1 Improvement Points,HVBP Safety: HAI-1 Measure Score,HVBP Safety: HAI-1 Performance Rate,HVBP Safety: HAI-2 Achievement Points,HVBP Safety: HAI-2 Achievement Threshold,HVBP Safety: HAI-2 Baseline Rate,HVBP Safety: HAI-2 Benchmark,HVBP Safety: HAI-2 Improvement Points,HVBP Safety: HAI-2 Measure Score,HVBP Safety: HAI-2 Performance Rate,HVBP Safety: HAI-3 Achievement Points,HVBP Safety: HAI-3 Achievement Threshold,HVBP Safety: HAI-3 Baseline Rate,HVBP Safety: HAI-3 Benchmark,HVBP Safety: HAI-3 Improvement Points,HVBP Safety: HAI-3 Measure Score,HVBP Safety: HAI-3 Performance Rate,HVBP Safety: HAI-4 Achievement Points,HVBP Safety: HAI-4 Achievement Threshold,HVBP Safety: HAI-4 Baseline Rate,HVBP Safety: HAI-4 Benchmark,HVBP Safety: HAI-4 Improvement Points,HVBP Safety: HAI-4 Measure Score,HVBP Safety: HAI-4 Performance Rate,HVBP Safety: HAI-5 Achievement Points,HVBP Safety: HAI-5 Achievement Threshold,HVBP Safety: HAI-5 Baseline Rate,HVBP Safety: HAI-5 Benchmark,HVBP Safety: HAI-5 Improvement Points,HVBP Safety: HAI-5 Measure Score,HVBP Safety: HAI-5 Performance Rate,HVBP Safety: HAI-6 Achievement Points,HVBP Safety: HAI-6 Achievement Threshold,HVBP Safety: HAI-6 Baseline Rate,HVBP Safety: HAI-6 Benchmark,HVBP Safety: HAI-6 Improvement Points,HVBP Safety: HAI-6 Measure Score,HVBP Safety: HAI-6 Performance Rate,HVBP Safety: COMP-HIP-KNEE Achievement Points,HVBP Safety: COMP-HIP-KNEE Achievement Threshold,HVBP Safety: COMP-HIP-KNEE Baseline Rate,HVBP Safety: COMP-HIP-KNEE Benchmark,HVBP Safety: COMP-HIP-KNEE Improvement Points,HVBP Safety: COMP-HIP-KNEE Measure Score,HVBP Safety: COMP-HIP-KNEE Performance Rate,HVBP Safety: MORT-30-AMI Achievement Points,HVBP Safety: MORT-30-AMI Achievement Threshold,HVBP Safety: MORT-30-AMI Baseline Rate,HVBP Safety: MORT-30-AMI Benchmark,HVBP Safety: MORT-30-AMI Improvement Points,HVBP Safety: MORT-30-AMI Measure Score,HVBP Safety: MORT-30-AMI Performance Rate,HVBP Safety: MORT-30-HF Achievement Points,HVBP Safety: MORT-30-HF Achievement Threshold,HVBP Safety: MORT-30-HF Baseline Rate,HVBP Safety: MORT-30-HF Benchmark,HVBP Safety: MORT-30-HF Improvement Points,HVBP Safety: MORT-30-HF Measure Score,HVBP Safety: MORT-30-HF Performance Rate,HVBP Safety: MORT-30-PN Achievement Points,HVBP Safety: MORT-30-PN Achievement Threshold,HVBP Safety: MORT-30-PN Baseline Rate,HVBP Safety: MORT-30-PN Benchmark,HVBP Safety: MORT-30-PN Improvement Points,HVBP Safety: MORT-30-PN Measure Score,HVBP Safety: MORT-30-PN Performance Rate,HVBP Safety: PC-01 Achievement Points,HVBP Safety: PC-01 Achievement Threshold,HVBP Safety: PC-01 Baseline Rate,HVBP Safety: PC-01 Benchmark,HVBP Safety: PC-01 Improvement Points,HVBP Safety: PC-01 Measure Score,HVBP Safety: PC-01 Performance Rate,HVBP Safety: PSI-90 Achievement Points,HVBP Safety: PSI-90 Achievement Threshold,HVBP Safety: PSI-90 Baseline Rate,HVBP Safety: PSI-90 Benchmark,HVBP Safety: PSI-90 Improvement Points,HVBP Safety: PSI-90 Measure Score,HVBP Safety: PSI-90 Performance Rate,HVBP HCAHPS: Care Transition Achievement Points,HVBP HCAHPS: Care Transition Achievement Threshold,HVBP HCAHPS: Care Transition Baseline Rate,HVBP HCAHPS: Care Transition Benchmark,HVBP HCAHPS: Care Transition Dimension Score,HVBP HCAHPS: Care Transition Floor,HVBP HCAHPS: Care Transition Improvement Points,HVBP HCAHPS: Care Transition Performance Rate,HVBP HCAHPS: Cleanliness and Quietness of Hospital Environment Achievement Points,HVBP HCAHPS: Cleanliness and Quietness of Hospital Environment Achievement Threshold,HVBP HCAHPS: Cleanliness and Quietness of Hospital Environment Baseline Rate,HVBP HCAHPS: Cleanliness and Quietness of Hospital Environment Benchmark,HVBP HCAHPS: Cleanliness and Quietness of Hospital Environment Dimension Score,HVBP HCAHPS: Cleanliness and Quietness of Hospital Environment Floor,HVBP HCAHPS: Cleanliness and Quietness of Hospital Environment Improvement Points,HVBP HCAHPS: Cleanliness and Quietness of Hospital Environment Performance Rate,HVBP HCAHPS: Communication about Medicines Achievement Points,HVBP HCAHPS: Communication about Medicines Achievement Threshold,HVBP HCAHPS: Communication about Medicines Baseline Rate,HVBP HCAHPS: Communication about Medicines Benchmark,HVBP HCAHPS: Communication about Medicines Dimension Score,HVBP HCAHPS: Communication about Medicines Floor,HVBP HCAHPS: Communication about Medicines Improvement Points,HVBP HCAHPS: Communication about Medicines Performance Rate,HVBP HCAHPS: Communication with Doctors Achievement Points,HVBP HCAHPS: Communication with Doctors Achievement Threshold,HVBP HCAHPS: Communication with Doctors Baseline Rate,HVBP HCAHPS: Communication with Doctors Benchmark,HVBP HCAHPS: Communication with Doctors Dimension Score,HVBP HCAHPS: Communication with Doctors Floor,HVBP HCAHPS: Communication with Doctors Improvement Points,HVBP HCAHPS: Communication with Doctors Performance Rate,HVBP HCAHPS: Communication with Nurses Achievement Points,HVBP HCAHPS: Communication with Nurses Achievement Threshold,HVBP HCAHPS: Communication with Nurses Baseline Rate,HVBP HCAHPS: Communication with Nurses Benchmark,HVBP HCAHPS: Communication with Nurses Dimension Score,HVBP HCAHPS: Communication with Nurses Floor,HVBP HCAHPS: Communication with Nurses Improvement Points,HVBP HCAHPS: Communication with Nurses Performance Rate,HVBP HCAHPS: Discharge Information Achievement Points,HVBP HCAHPS: Discharge Information Achievement Threshold,HVBP HCAHPS: Discharge Information Baseline Rate,HVBP HCAHPS: Discharge Information Benchmark,HVBP HCAHPS: Discharge Information Dimension Score,HVBP HCAHPS: Discharge Information Floor,HVBP HCAHPS: Discharge Information Improvement Points,HVBP HCAHPS: Discharge Information Performance Rate,HVBP HCAHPS: HCAHPS Base Score,HVBP HCAHPS: HCAHPS Consistency Score,HVBP HCAHPS: Overall Rating of Hospital Achievement Points,HVBP HCAHPS: Overall Rating of Hospital Achievement Threshold,HVBP HCAHPS: Overall Rating of Hospital Baseline Rate,HVBP HCAHPS: Overall Rating of Hospital Benchmark,HVBP HCAHPS: Overall Rating of Hospital Dimension Score,HVBP HCAHPS: Overall Rating of Hospital Floor,HVBP HCAHPS: Overall Rating of Hospital Improvement Points,HVBP HCAHPS: Overall Rating of Hospital Performance Rate,HVBP HCAHPS: Responsiveness of Hospital Staff Achievement Points,HVBP HCAHPS: Responsiveness of Hospital Staff Achievement Threshold,HVBP HCAHPS: Responsiveness of Hospital Staff Baseline Rate,HVBP HCAHPS: Responsiveness of Hospital Staff Benchmark,HVBP HCAHPS: Responsiveness of Hospital Staff Dimension Score,HVBP HCAHPS: Responsiveness of Hospital Staff Floor,HVBP HCAHPS: Responsiveness of Hospital Staff Improvement Points,HVBP HCAHPS: Responsiveness of Hospital Staff Performance Rate,HVBP HCAHPS: Pain Management Achievement Points,HVBP HCAHPS: Pain Management Achievement Threshold,HVBP HCAHPS: Pain Management Baseline Rate,HVBP HCAHPS: Pain Management Benchmark,HVBP HCAHPS: Pain Management Dimension Score,HVBP HCAHPS: Pain Management Floor,HVBP HCAHPS: Pain Management Improvement Points,HVBP HCAHPS: Pain Management Performance Rate,Outpatient Imaging Efficiency: Abdomen CT Use of Contrast Material,Outpatient Imaging Efficiency: Breast Cancer Screening Recall Rates,Outpatient Imaging Efficiency: MRI Lumbar Spine for Low Back Pain,Outpatient Imaging Efficiency: Mammography Follow-up Rates,Outpatient Imaging Efficiency: Outpatients who got cardiac imaging stress tests before low-risk outpatient surgery,Outpatient Imaging Efficiency: Outpatients with brain CT scans who got a sinus CT scan at the same time,Outpatient Imaging Efficiency: Thorax CT Use of Contrast Material,Payment and Value of Care: Payment for heart attack patients (PAYM_30_AMI) Denominator,Payment and Value of Care: Payment for heart attack patients (PAYM_30_AMI) Payment,Payment and Value of Care: Payment for heart attack patients (PAYM_30_AMI) Higher Estimate,Payment and Value of Care: Payment for heart attack patients (PAYM_30_AMI) Lower Estimate,Payment and Value of Care: Payment for heart failure patients (PAYM_30_HF) Denominator,Payment and Value of Care: Payment for heart failure patients (PAYM_30_HF) Payment,Payment and Value of Care: Payment for heart failure patients (PAYM_30_HF) Higher Estimate,Payment and Value of Care: Payment for heart failure patients (PAYM_30_HF) Lower Estimate,Payment and Value of Care: Payment for hip/knee replacement patients (PAYM_90_HIP_KNEE) Denominator,Payment and Value of Care: Payment for hip/knee replacement patients (PAYM_90_HIP_KNEE) Payment,Payment and Value of Care: Payment for hip/knee replacement patients (PAYM_90_HIP_KNEE) Higher Estimate,Payment and Value of Care: Payment for hip/knee replacement patients (PAYM_90_HIP_KNEE) Lower Estimate,Payment and Value of Care: Payment for pneumonia patients (PAYM_30_PN) Denominator,Payment and Value of Care: Payment for pneumonia patients (PAYM_30_PN) Payment,Payment and Value of Care: Payment for pneumonia patients (PAYM_30_PN) Higher Estimate,Payment and Value of Care: Payment for pneumonia patients (PAYM_30_PN) Lower Estimate,Complications and Deaths: AMI 30-Day Mortality Rate (MORT 30 AMI),Complications and Deaths: Abdominopelvic accidental puncture or laceration rate (PSI 15),Complications and Deaths: Acute Myocardial Infarction 30-Day Readmission Rate (READM 30 AMI),Complications and Deaths: Death rate among surgical inpatients with serious treatable complications (PSI 4),Complications and Deaths: Death rate for CABG surgery patients (MORT 30 CABG),Complications and Deaths: Death rate for COPD patients (MORT 30 COPD),Complications and Deaths: Death rate for stroke patients (MORT 30 STK),Complications and Deaths: Heart failure 30-Day Mortality Rate (MORT 30 HF),Complications and Deaths: Heart failure 30-Day Readmission Rate (READM 30 HF),Complications and Deaths: Hospital-wide readmission rate after discharge from hospital (READM 30 HOSP WIDE),Complications and Deaths: Iatrogenic pneumothorax rate (PSI 6),Complications and Deaths: In-hospital fall with hip fracture rate (PSI 8),Complications and Deaths: Infections from a large venous catheter (PSI 7),Complications and Deaths: Patient safety and adverse events composite (PSI 90),Complications and Deaths: Perioperative hemorrhage or hematoma rate (PSI 9),Complications and Deaths: Perioperative pulmonary embolism or deep vein thrombosis rate (PSI 12),Complications and Deaths: Pneumonia 30-Day Mortality Rate (MORT 30 PN),Complications and Deaths: Pneumonia 30-Day Readmission Rate (READM 30 PN),Complications and Deaths: Postoperative acute kidney injury requiring dialysis rate (PSI 10),Complications and Deaths: Postoperative hemorrhage or hematoma rate (PSI 9),Complications and Deaths: Postoperative respiratory failure rate (PSI 11),Complications and Deaths: Postoperative sepsis rate (PSI 13),Complications and Deaths: Postoperative wound dehiscence rate (PSI 14),Complications and Deaths: Pressure ulcer rate (PSI 3),Complications and Deaths: Rate of complications for hip/knee replacement patients (COMP HIP KNEE),Complications and Deaths: Rate of readmission after hip/knee surgery (READM 30 HIP KNEE),Complications and Deaths: Rate of unplanned readmission for COPD patients (READM 30 COPD),Complications and Deaths: Rate of unplanned readmission for stroke patients (READM 30 STK),Timely and Effective Care: ACEI or ARB for LVSD (Score),Timely and Effective Care: ACEI or ARB for LVSD (Sample),Timely and Effective Care: Admit Decision Time to ED Departure Time for Admitted Patients - non psychiatric/mental health disorders (Score),Timely and Effective Care: Admit Decision Time to ED Departure Time for Admitted Patients - non psychiatric/mental health disorders (Sample),Timely and Effective Care: Admit Decision Time to ED Departure Time for Admitted Patients - psychiatric/mental health disorders (Score),Timely and Effective Care: Admit Decision Time to ED Departure Time for Admitted Patients - psychiatric/mental health disorders (Sample),Timely and Effective Care: Admit Decision Time to ED Departure Time for Admitted Patients  psychiatric/mental health disorders (Score),Timely and Effective Care: Admit Decision Time to ED Departure Time for Admitted Patients  psychiatric/mental health disorders (Sample),Timely and Effective Care: Anticoagulation Therapy for Atrial Fibrillation/Flutter (Score),Timely and Effective Care: Anticoagulation Therapy for Atrial Fibrillation/Flutter (Sample),Timely and Effective Care: Anticoagulation overlap therapy (Score),Timely and Effective Care: Anticoagulation overlap therapy (Sample),Timely and Effective Care: Antithrombotic Therapy by End of Hospital Day 2 (Score),Timely and Effective Care: Antithrombotic Therapy by End of Hospital Day 2 (Sample),Timely and Effective Care: Appropriate care for severe sepsis and septic shock (Score),Timely and Effective Care: Appropriate care for severe sepsis and septic shock (Sample),Timely and Effective Care: Aspirin at Arrival (Score),Timely and Effective Care: Aspirin at Arrival (Sample),Timely and Effective Care: Aspirin prescribed at discharge (Score),Timely and Effective Care: Aspirin prescribed at discharge (Sample),Timely and Effective Care: Assessed for Rehabilitation (Score),Timely and Effective Care: Assessed for Rehabilitation (Sample),Timely and Effective Care: Blood Cultures Performed in the ED Prior to Initial Antibiotic Received in Hospital (Score),Timely and Effective Care: Blood Cultures Performed in the ED Prior to Initial Antibiotic Received in Hospital (Sample),Timely and Effective Care: Cardiac surgery patients with controlled 6 a.m. postoperative blood glucose (Score),Timely and Effective Care: Cardiac surgery patients with controlled 6 a.m. postoperative blood glucose (Sample),Timely and Effective Care: Discharge instructions (Score),Timely and Effective Care: Discharge instructions (Sample),Timely and Effective Care: Discharged on Antithrombotic Therapy (Score),Timely and Effective Care: Discharged on Antithrombotic Therapy (Sample),Timely and Effective Care: Discharged on Statin Medication (Score),Timely and Effective Care: Discharged on Statin Medication (Sample),Timely and Effective Care: Door to diagnostic eval (Score),Timely and Effective Care: Door to diagnostic eval (Sample),Timely and Effective Care: Endoscopy/polyp surveillance: appropriate follow-up interval for normal colonoscopy in average risk patients (Score),Timely and Effective Care: Endoscopy/polyp surveillance: appropriate follow-up interval for normal colonoscopy in average risk patients (Sample),Timely and Effective Care: Endoscopy/polyp surveillance: colonoscopy interval for patients with a history of adenomatous polyps - avoidance of inappropriate use (Score),Timely and Effective Care: Endoscopy/polyp surveillance: colonoscopy interval for patients with a history of adenomatous polyps - avoidance of inappropriate use (Sample),Timely and Effective Care: Evaluation of LVS Function (Score),Timely and Effective Care: Evaluation of LVS Function (Sample),Timely and Effective Care: External Beam Radiotherapy for Bone Metastases (Score),Timely and Effective Care: External Beam Radiotherapy for Bone Metastases (Sample),Timely and Effective Care: Fibrinolytic Therapy Received Within 30 Minutes Of Hospital Arrival (Score),Timely and Effective Care: Fibrinolytic Therapy Received Within 30 Minutes Of Hospital Arrival (Sample),Timely and Effective Care: Fibrinolytic Therapy Received Within 30 Minutes of ED Arrival (Score),Timely and Effective Care: Fibrinolytic Therapy Received Within 30 Minutes of ED Arrival (Sample),Timely and Effective Care: Head CT results (Score),Timely and Effective Care: Head CT results (Sample),Timely and Effective Care: Healthcare workers given influenza vaccination (Score),Timely and Effective Care: Healthcare workers given influenza vaccination (Sample),Timely and Effective Care: Home Management Plan of Care Document (Score),Timely and Effective Care: Home Management Plan of Care Document (Sample),Timely and Effective Care: Hospital acquired potentially preventable venous thromboembolism (Score),Timely and Effective Care: Hospital acquired potentially preventable venous thromboembolism (Sample),Timely and Effective Care: ICU venous thromboembolism prophylaxis (Score),Timely and Effective Care: ICU venous thromboembolism prophylaxis (Sample),Timely and Effective Care: Immunization for influenza (Score),Timely and Effective Care: Immunization for influenza (Sample),Timely and Effective Care: Immunization for pneumonia (Score),Timely and Effective Care: Immunization for pneumonia (Sample),Timely and Effective Care: Improvement in Patients Visual Function within 90 Days Following Cataract Surgery (Score),Timely and Effective Care: Improvement in Patients Visual Function within 90 Days Following Cataract Surgery (Sample),Timely and Effective Care: Incidence of potentially preventable VTE (Score),Timely and Effective Care: Incidence of potentially preventable VTE (Sample),Timely and Effective Care: Initial antibiotic selection for CAP in immunocompetent patient (Score),Timely and Effective Care: Initial antibiotic selection for CAP in immunocompetent patient (Sample),Timely and Effective Care: Intensive Care Unit Venous Thromboembolism Prophylaxis (Score),Timely and Effective Care: Intensive Care Unit Venous Thromboembolism Prophylaxis (Sample),Timely and Effective Care: Left before being seen (Score),Timely and Effective Care: Left before being seen (Sample),Timely and Effective Care: Median Time to ECG (Score),Timely and Effective Care: Median Time to ECG (Sample),Timely and Effective Care: Median Time to Fibrinolysis (Score),Timely and Effective Care: Median Time to Fibrinolysis (Sample),Timely and Effective Care: Median Time to Transfer to Another Facility for Acute Coronary Intervention (Score),Timely and Effective Care: Median Time to Transfer to Another Facility for Acute Coronary Intervention (Sample),Timely and Effective Care: Median time Psychiatric/Mental Health patients spent in the ED before leaving from visit (Score),Timely and Effective Care: Median time Psychiatric/Mental Health patients spent in the ED before leaving from visit (Sample),Timely and Effective Care: Median time patients spent in the ED after a doctor admitted them and before leaving the ED for an inpatient room (Score),Timely and Effective Care: Median time patients spent in the ED after a doctor admitted them and before leaving the ED for an inpatient room (Sample),Timely and Effective Care: Median time patients spent in the ED before leaving from visit (Score),Timely and Effective Care: Median time patients spent in the ED before leaving from visit (Sample),Timely and Effective Care: Median time patients spent in the ED before they were admitted as an inpatient (Score),Timely and Effective Care: Median time patients spent in the ED before they were admitted as an inpatient (Sample),Timely and Effective Care: Median time to pain med (Score),Timely and Effective Care: Median time to pain med (Sample),Timely and Effective Care: Percent of newborns whose deliveries were scheduled 1-3 weeks early when a scheduled delivery was not medically necessary (Score),Timely and Effective Care: Percent of newborns whose deliveries were scheduled 1-3 weeks early when a scheduled delivery was not medically necessary (Sample),Timely and Effective Care: Percentage of healthcare personnel who completed COVID-19 primary vaccination series (Score),Timely and Effective Care: Percentage of healthcare personnel who completed COVID-19 primary vaccination series (Sample),Timely and Effective Care: Postoperative Urinary Catheter Removal (Score),Timely and Effective Care: Postoperative Urinary Catheter Removal (Sample),Timely and Effective Care: Primary PCI Received Within 90 Minutes of Hospital Arrival (Score),Timely and Effective Care: Primary PCI Received Within 90 Minutes of Hospital Arrival (Sample),Timely and Effective Care: Prophylactic Antibiotic Initiated Within One Hour Prior to Surgical Incision (Score),Timely and Effective Care: Prophylactic Antibiotic Initiated Within One Hour Prior to Surgical Incision (Sample),Timely and Effective Care: Prophylactic Antibiotic Selection for Surgical Patients (Score),Timely and Effective Care: Prophylactic Antibiotic Selection for Surgical Patients (Sample),Timely and Effective Care: Prophylactic antibiotic received within 1 hour prior to surgical incision (Score),Timely and Effective Care: Prophylactic antibiotic received within 1 hour prior to surgical incision (Sample),Timely and Effective Care: Prophylactic antibiotics discontinued within 24 hours after surgery end time (Score),Timely and Effective Care: Prophylactic antibiotics discontinued within 24 hours after surgery end time (Sample),Timely and Effective Care: Relievers for Inpatient Asthma (Score),Timely and Effective Care: Relievers for Inpatient Asthma (Sample),Timely and Effective Care: Safe Use of Opioids - Concurrent Prescribing (Score),Timely and Effective Care: Safe Use of Opioids - Concurrent Prescribing (Sample),Timely and Effective Care: Septic Shock 3-Hour Bundle (Score),Timely and Effective Care: Septic Shock 3-Hour Bundle (Sample),Timely and Effective Care: Septic Shock 6-Hour Bundle (Score),Timely and Effective Care: Septic Shock 6-Hour Bundle (Sample),Timely and Effective Care: Severe Sepsis 3-Hour Bundle (Score),Timely and Effective Care: Severe Sepsis 3-Hour Bundle (Sample),Timely and Effective Care: Severe Sepsis 6-Hour Bundle (Score),Timely and Effective Care: Severe Sepsis 6-Hour Bundle (Sample),Timely and Effective Care: Statin at Discharge (Score),Timely and Effective Care: Statin at Discharge (Sample),Timely and Effective Care: Stroke Education (Score),Timely and Effective Care: Stroke Education (Sample),Timely and Effective Care: Surgery Patients Who Received Appropriate Venous Thromboembolism Prophylaxis Within 24 Hours Prior to Surgery to 24 Hours After Surgery (Score),Timely and Effective Care: Surgery Patients Who Received Appropriate Venous Thromboembolism Prophylaxis Within 24 Hours Prior to Surgery to 24 Hours After Surgery (Sample),Timely and Effective Care: Surgery Patients on a Beta Blocker Prior to Arrival Who Received a Beta Blocker During the Perioperative Period (Score),Timely and Effective Care: Surgery Patients on a Beta Blocker Prior to Arrival Who Received a Beta Blocker During the Perioperative Period (Sample),Timely and Effective Care: Surgery Patients with Perioperative Temperature Management (Score),Timely and Effective Care: Surgery Patients with Perioperative Temperature Management (Sample),Timely and Effective Care: Systemic Corticosteroids for Inpatient Asthma (Score),Timely and Effective Care: Systemic Corticosteroids for Inpatient Asthma (Sample),Timely and Effective Care: Thrombolytic Therapy (Score),Timely and Effective Care: Thrombolytic Therapy (Sample),Timely and Effective Care: Unfractionated heparin with dosages/platelet count monitoring (Score),Timely and Effective Care: Unfractionated heparin with dosages/platelet count monitoring (Sample),Timely and Effective Care: Venous Thromboembolism Prophylaxis (Score),Timely and Effective Care: Venous Thromboembolism Prophylaxis (Sample),Timely and Effective Care: Warfarin therapy discharge instructions (Score),Timely and Effective Care: Warfarin therapy discharge instructions (Sample),Hospital Readmissions Reduction Program: READM-30-AMI (Excess Readmission Ratio),Hospital Readmissions Reduction Program: READM-30-AMI (Expected Readmission Rate),Hospital Readmissions Reduction Program: READM-30-AMI (Number of Discharges),Hospital Readmissions Reduction Program: READM-30-AMI (Number of Readmissions),Hospital Readmissions Reduction Program: READM-30-AMI (Predicted Readmission Rate),Hospital Readmissions Reduction Program: READM-30-CABG (Excess Readmission Ratio),Hospital Readmissions Reduction Program: READM-30-CABG (Expected Readmission Rate),Hospital Readmissions Reduction Program: READM-30-CABG (Number of Discharges),Hospital Readmissions Reduction Program: READM-30-CABG (Number of Readmissions),Hospital Readmissions Reduction Program: READM-30-CABG (Predicted Readmission Rate),Hospital Readmissions Reduction Program: READM-30-COPD (Excess Readmission Ratio),Hospital Readmissions Reduction Program: READM-30-COPD (Expected Readmission Rate),Hospital Readmissions Reduction Program: READM-30-COPD (Number of Discharges),Hospital Readmissions Reduction Program: READM-30-COPD (Number of Readmissions),Hospital Readmissions Reduction Program: READM-30-COPD (Predicted Readmission Rate),Hospital Readmissions Reduction Program: READM-30-HF (Excess Readmission Ratio),Hospital Readmissions Reduction Program: READM-30-HF (Expected Readmission Rate),Hospital Readmissions Reduction Program: READM-30-HF (Number of Discharges),Hospital Readmissions Reduction Program: READM-30-HF (Number of Readmissions),Hospital Readmissions Reduction Program: READM-30-HF (Predicted Readmission Rate),Hospital Readmissions Reduction Program: READM-30-HIP-KNEE (Excess Readmission Ratio),Hospital Readmissions Reduction Program: READM-30-HIP-KNEE (Expected Readmission Rate),Hospital Readmissions Reduction Program: READM-30-HIP-KNEE (Number of Discharges),Hospital Readmissions Reduction Program: READM-30-HIP-KNEE (Number of Readmissions),Hospital Readmissions Reduction Program: READM-30-HIP-KNEE (Predicted Readmission Rate),Hospital Readmissions Reduction Program: READM-30-PN (Excess Readmission Ratio),Hospital Readmissions Reduction Program: READM-30-PN (Expected Readmission Rate),Hospital Readmissions Reduction Program: READM-30-PN (Number of Discharges),Hospital Readmissions Reduction Program: READM-30-PN (Number of Readmissions),Hospital Readmissions Reduction Program: READM-30-PN (Predicted Readmission Rate),Hospital Acquired Conditions Reduction Program: CAUTI Score,Hospital Acquired Conditions Reduction Program: CAUTI SIR,Hospital Acquired Conditions Reduction Program: CAUTI W Z Score,Hospital Acquired Conditions Reduction Program: CDI Score,Hospital Acquired Conditions Reduction Program: CDI SIR,Hospital Acquired Conditions Reduction Program: CDI W Z Score,Hospital Acquired Conditions Reduction Program: CLABSI Score,Hospital Acquired Conditions Reduction Program: CLABSI SIR,Hospital Acquired Conditions Reduction Program: CLABSI W Z Score,Hospital Acquired Conditions Reduction Program: MRSA Score,Hospital Acquired Conditions Reduction Program: MRSA SIR,Hospital Acquired Conditions Reduction Program: MRSA W Z Score,Hospital Acquired Conditions Reduction Program: SSI Score,Hospital Acquired Conditions Reduction Program: SSI SIR,Hospital Acquired Conditions Reduction Program: SSI W Z Score,Hospital Acquired Conditions Reduction Program: PSI-90 Score,Hospital Acquired Conditions Reduction Program: PSI-90 W Z Score,Hospital Acquired Conditions Reduction Program: Domain 1 Score,Hospital Acquired Conditions Reduction Program: Domain 2 Score,Hospital Acquired Conditions Reduction Program: Total HAC Score,Hospital Acquired Conditions Reduction Program: Payment Reduction,HCAHPS: Number of Completed Surveys,HCAHPS: Survey Response Rate Percent,HCAHPS: Nurse communication: HCAHPS Linear Mean Value,HCAHPS: Doctor communication: HCAHPS Linear Mean Value,HCAHPS: Staff responsiveness: HCAHPS Linear Mean Value,HCAHPS: Communication about medicines: HCAHPS Linear Mean Value,HCAHPS: Discharge information: HCAHPS Linear Mean Value,HCAHPS: Care transition: HCAHPS Linear Mean Value,HCAHPS: Cleanliness: HCAHPS Linear Mean Value,HCAHPS: Quietness: HCAHPS Linear Mean Value,HCAHPS: Overall hospital rating: HCAHPS Linear Mean Value,HCAHPS: Recommend hospital: HCAHPS Linear Mean Value,HCAHPS: Pain management: HCAHPS Linear Mean Value,HCAHPS: Patients who reported that their nurses Always communicated well: HCAHPS Answer Percent,HCAHPS: Patients who reported that their nurses Sometimes or Never communicated well: HCAHPS Answer Percent,HCAHPS: Patients who reported that their nurses Usually communicated well: HCAHPS Answer Percent,HCAHPS: Patients who reported that their nurses Always treated them with courtesy and respect: HCAHPS Answer Percent,HCAHPS: Patients who reported that their nurses Sometimes or Never treated them with courtesy and respect: HCAHPS Answer Percent,HCAHPS: Patients who reported that their nurses Usually treated them with courtesy and respect: HCAHPS Answer Percent,HCAHPS: Patients who reported that their nurses Always listened carefully to them: HCAHPS Answer Percent,HCAHPS: Patients who reported that their nurses Sometimes or Never listened carefully to them: HCAHPS Answer Percent,HCAHPS: Patients who reported that their nurses Usually listened carefully to them: HCAHPS Answer Percent,HCAHPS: Patients who reported that their nurses Always explained things in a way they could understand: HCAHPS Answer Percent,HCAHPS: Patients who reported that their nurses Sometimes or Never explained things in a way they could understand: HCAHPS Answer Percent,HCAHPS: Patients who reported that their nurses Usually explained things in a way they could understand: HCAHPS Answer Percent,HCAHPS: Patients who reported that their doctors Always communicated well: HCAHPS Answer Percent,HCAHPS: Patients who reported that their doctors Sometimes or Never communicated well: HCAHPS Answer Percent,HCAHPS: Patients who reported that their doctors Usually communicated well: HCAHPS Answer Percent,HCAHPS: Patients who reported that their doctors Always treated them with courtesy and respect: HCAHPS Answer Percent,HCAHPS: Patients who reported that their doctors Sometimes or Never treated them with courtesy and respect: HCAHPS Answer Percent,HCAHPS: Patients who reported that their doctors Usually treated them with courtesy and respect: HCAHPS Answer Percent,HCAHPS: Patients who reported that their doctors Always listened carefully to them: HCAHPS Answer Percent,HCAHPS: Patients who reported that their doctors Sometimes or Never listened carefully to them: HCAHPS Answer Percent,HCAHPS: Patients who reported that their doctors Usually listened carefully to them: HCAHPS Answer Percent,HCAHPS: Patients who reported that their doctors Always explained things in a way they could understand: HCAHPS Answer Percent,HCAHPS: Patients who reported that their doctors Sometimes or Never explained things in a way they could understand: HCAHPS Answer Percent,HCAHPS: Patients who reported that their doctors Usually explained things in a way they could understand: HCAHPS Answer Percent,HCAHPS: Patients who reported that they Always received help as soon as they wanted: HCAHPS Answer Percent,HCAHPS: Patients who reported that they Sometimes or Never received help as soon as they wanted: HCAHPS Answer Percent,HCAHPS: Patients who reported that they Usually received help as soon as they wanted: HCAHPS Answer Percent,HCAHPS: Patients who reported that they Always received help after using the call button as soon as they wanted: HCAHPS Answer Percent,HCAHPS: Patients who reported that they Sometimes or Never received help after using the call button as soon as they wanted: HCAHPS Answer Percent,HCAHPS: Patients who reported that they Usually received help after using the call button as soon as they wanted: HCAHPS Answer Percent,HCAHPS: Patients who reported that they Always received bathroom help as soon as they wanted: HCAHPS Answer Percent,HCAHPS: Patients who reported that they Sometimes or Never received bathroom help as soon as they wanted: HCAHPS Answer Percent,HCAHPS: Patients who reported that they Usually received bathroom help as soon as they wanted: HCAHPS Answer Percent,HCAHPS: Patients who reported that staff Always explained about medicines before giving it to them: HCAHPS Answer Percent,HCAHPS: Patients who reported that staff Sometimes or Never explained about medicines before giving it to them: HCAHPS Answer Percent,HCAHPS: Patients who reported that staff Usually explained about medicines before giving it to them: HCAHPS Answer Percent,HCAHPS: Patients who reported that when receiving new medication the staff Always communicated what the medication was for: HCAHPS Answer Percent,HCAHPS: Patients who reported that when receiving new medication the staff Sometimes or Never communicated what the medication was for: HCAHPS Answer Percent,HCAHPS: Patients who reported that when receiving new medication the staff Usually communicated what the medication was for.: HCAHPS Answer Percent,HCAHPS: Patients who reported that when receiving new medication the staff Always discussed possible side effects: HCAHPS Answer Percent,HCAHPS: Patients who reported that when receiving new medication the staff Sometimes or Never discussed possible side effects: HCAHPS Answer Percent,HCAHPS: Patients who reported that when receiving new medication the staff Usually discussed possible side effects: HCAHPS Answer Percent,"HCAHPS: Patients who reported that NO, they were not given information about what to do during their recovery at home: HCAHPS Answer Percent","HCAHPS: Patients who reported that YES, they were given information about what to do during their recovery at home: HCAHPS Answer Percent","HCAHPS: Patients who reported that NO, they did not discuss whether they would need help after discharge: HCAHPS Answer Percent","HCAHPS: Patients who reported that YES, they did discuss whether they would need help after discharge: HCAHPS Answer Percent","HCAHPS: Patients who reported that NO, they did not receive written information about possible symptoms to look out for after discharge: HCAHPS Answer Percent","HCAHPS: Patients who reported that YES, they did receive written information about possible symptoms to look out for after discharge: HCAHPS Answer Percent",HCAHPS: Patients who Agree they understood their care when they left the hospital: HCAHPS Answer Percent,HCAHPS: Patients who Disagree or Strongly Disagree they understood their care when they left the hospital: HCAHPS Answer Percent,HCAHPS: Patients who Strongly Agree they understood their care when they left the hospital: HCAHPS Answer Percent,HCAHPS: Patients who Agree that the staff took my preferences into account when determining my health care needs: HCAHPS Answer Percent,HCAHPS: Patients who Disagree or Strongly Disagree that the staff took my preferences into account when determining my health care needs: HCAHPS Answer Percent,HCAHPS: Patients who Strongly Agree that the staff took my preferences into account when determining my health care needs: HCAHPS Answer Percent,HCAHPS: Patients who Agree that they understood their responsiblities in managing their health: HCAHPS Answer Percent,HCAHPS: Patients who Disagree or Strongly Disagree that they understood their responsiblities in managing their health: HCAHPS Answer Percent,HCAHPS: Patients who Strongly Agree that they understood their responsiblities in managing their health: HCAHPS Answer Percent,HCAHPS: Patients who Agree that they understood the purposes of their medications when leaving the hospital: HCAHPS Answer Percent,HCAHPS: Patients who Disagree or Strongly Disagree that they understood the purposes of their medications when leaving the hospital: HCAHPS Answer Percent,HCAHPS: Patients who Strongly Agree that they understood the purposes of their medications when leaving the hospital: HCAHPS Answer Percent,HCAHPS: Patients who reported that their room and bathroom were Always clean: HCAHPS Answer Percent,HCAHPS: Patients who reported that their room and bathroom were Sometimes or Never clean: HCAHPS Answer Percent,HCAHPS: Patients who reported that their room and bathroom were Usually clean: HCAHPS Answer Percent,HCAHPS: Patients who reported that the area around their room was Always quiet at night: HCAHPS Answer Percent,HCAHPS: Patients who reported that the area around their room was Sometimes or Never quiet at night: HCAHPS Answer Percent,HCAHPS: Patients who reported that the area around their room was Usually quiet at night: HCAHPS Answer Percent,HCAHPS: Patients who gave their hospital a rating of 6 or lower on a scale from 0 (lowest) to 10 (highest): HCAHPS Answer Percent,HCAHPS: Patients who gave their hospital a rating of 7 or 8 on a scale from 0 (lowest) to 10 (highest): HCAHPS Answer Percent,HCAHPS: Patients who gave their hospital a rating of 9 or 10 on a scale from 0 (lowest) to 10 (highest): HCAHPS Answer Percent,"HCAHPS: Patients who reported NO, they would probably not or definitely not recommend the hospital: HCAHPS Answer Percent","HCAHPS: Patients who reported YES, they would definitely recommend the hospital: HCAHPS Answer Percent","HCAHPS: Patients who reported YES, they would probably recommend the hospital: HCAHPS Answer Percent",HCAHPS: Patients who reported that their pain was Always well controlled: HCAHPS Answer Percent,HCAHPS: Patients who reported that their pain was Sometimes or Never well controlled: HCAHPS Answer Percent,HCAHPS: Patients who reported that their pain was Usually well controlled: HCAHPS Answer Percent,HCAHPS: Nurse communication: Patient Survey Star Rating,HCAHPS: Doctor communication: Patient Survey Star Rating,HCAHPS: Staff responsiveness: Patient Survey Star Rating,HCAHPS: Communication about medicines: Patient Survey Star Rating,HCAHPS: Discharge information: Patient Survey Star Rating,HCAHPS: Care transition: Patient Survey Star Rating,HCAHPS: Cleanliness: Patient Survey Star Rating,HCAHPS: Quietness: Patient Survey Star Rating,HCAHPS: Overall hospital rating: Patient Survey Star Rating,HCAHPS: Recommend hospital: Patient Survey Star Rating,HCAHPS: Summary star rating: Patient Survey Star Rating,HCAHPS: Pain management: Patient Survey Star Rating,Unplanned Visits: 30-Day HF Readmission Rate (Denominator),Unplanned Visits: 30-Day HF Readmission Rate (Score),Unplanned Visits: 30-Day HF Readmission Rate (Higher Estimate),Unplanned Visits: 30-Day HF Readmission Rate (Lower Estimate),Unplanned Visits: 30-Day Hospital-Wide All-Cause Unplanned Readmission Rate (Denominator),Unplanned Visits: 30-Day Hospital-Wide All-Cause Unplanned Readmission Rate (Score),Unplanned Visits: 30-Day Hospital-Wide All-Cause Unplanned Readmission Rate (Higher Estimate),Unplanned Visits: 30-Day Hospital-Wide All-Cause Unplanned Readmission Rate (Lower Estimate),Unplanned Visits: 30-Day Pneumonia Readmission Rate (Denominator),Unplanned Visits: 30-Day Pneumonia Readmission Rate (Score),Unplanned Visits: 30-Day Pneumonia Readmission Rate (Higher Estimate),Unplanned Visits: 30-Day Pneumonia Readmission Rate (Lower Estimate),Unplanned Visits: 30-Day Readmission Rate (Denominator),Unplanned Visits: 30-Day Readmission Rate (Score),Unplanned Visits: 30-Day Readmission Rate (Higher Estimate),Unplanned Visits: 30-Day Readmission Rate (Lower Estimate),Unplanned Visits: 30-Day Readmission Rate after hip/knee replacement (Denominator),Unplanned Visits: 30-Day Readmission Rate after hip/knee replacement (Score),Unplanned Visits: 30-Day Readmission Rate after hip/knee replacement (Higher Estimate),Unplanned Visits: 30-Day Readmission Rate after hip/knee replacement (Lower Estimate),Unplanned Visits: 30-Day Readmission Rate for stroke patients (Denominator),Unplanned Visits: 30-Day Readmission Rate for stroke patients (Score),Unplanned Visits: 30-Day Readmission Rate for stroke patients (Higher Estimate),Unplanned Visits: 30-Day Readmission Rate for stroke patients (Lower Estimate),Unplanned Visits: AMI 30-Day Readmission Rate (Denominator),Unplanned Visits: AMI 30-Day Readmission Rate (Score),Unplanned Visits: AMI 30-Day Readmission Rate (Higher Estimate),Unplanned Visits: AMI 30-Day Readmission Rate (Lower Estimate),Unplanned Visits: CABG 30-Day Readmission Rate (Denominator),Unplanned Visits: CABG 30-Day Readmission Rate (Score),Unplanned Visits: CABG 30-Day Readmission Rate (Higher Estimate),Unplanned Visits: CABG 30-Day Readmission Rate (Lower Estimate),Unplanned Visits: ED visit rate for patients receiving outpatient chemo (Denominator),Unplanned Visits: ED visit rate for patients receiving outpatient chemo (Score),Unplanned Visits: ED visit rate for patients receiving outpatient chemo (Higher Estimate),Unplanned Visits: ED visit rate for patients receiving outpatient chemo (Lower Estimate),Unplanned Visits: Hospital return days for AMI patients (Denominator),Unplanned Visits: Hospital return days for AMI patients (Score),Unplanned Visits: Hospital return days for AMI patients (Higher Estimate),Unplanned Visits: Hospital return days for AMI patients (Lower Estimate),Unplanned Visits: Hospital return days for AMI patients (Number of Patients),Unplanned Visits: Hospital return days for AMI patients (Number of Patients Returned),Unplanned Visits: Hospital return days for HF patients (Denominator),Unplanned Visits: Hospital return days for HF patients (Score),Unplanned Visits: Hospital return days for HF patients (Higher Estimate),Unplanned Visits: Hospital return days for HF patients (Lower Estimate),Unplanned Visits: Hospital return days for HF patients (Number of Patients),Unplanned Visits: Hospital return days for HF patients (Number of Patients Returned),Unplanned Visits: Hospital return days for PN patients (Denominator),Unplanned Visits: Hospital return days for PN patients (Score),Unplanned Visits: Hospital return days for PN patients (Higher Estimate),Unplanned Visits: Hospital return days for PN patients (Lower Estimate),Unplanned Visits: Hospital return days for PN patients (Number of Patients),Unplanned Visits: Hospital return days for PN patients (Number of Patients Returned),Unplanned Visits: Inpatient admit rate for patients receiving outpatient chemo (Score),Unplanned Visits: Inpatient admit rate for patients receiving outpatient chemo (Higher Estimate),Unplanned Visits: Inpatient admit rate for patients receiving outpatient chemo (Lower Estimate),Unplanned Visits: Rate of unplanned visits after colonoscopy (per 1K) (Denominator),Unplanned Visits: Rate of unplanned visits after colonoscopy (per 1K) (Score),Unplanned Visits: Rate of unplanned visits after colonoscopy (per 1K) (Higher Estimate),Unplanned Visits: Rate of unplanned visits after colonoscopy (per 1K) (Lower Estimate),Unplanned Visits: Ratio of unplanned visits after outpatient surgery (Denominator),Unplanned Visits: Ratio of unplanned visits after outpatient surgery (Score),Unplanned Visits: Ratio of unplanned visits after outpatient surgery (Higher Estimate),Unplanned Visits: Ratio of unplanned visits after outpatient surgery (Lower Estimate)
0,170017,SUSAN B ALLEN MEMORIAL HOSPITAL,04,2013,,,,,,,,,,,,,,,,,,,,,,,,,,,,,,,,,,,,,,,,,55.15,,,,,,,,,,,,,,,,,,,,,62.5,,,38.0,43.75,,,11.4,,,,,,,,,,,,,,,,,,,,,,,,,,,,,,,,,,,,,,,,,,,,,,,,,,,,,,,,,,,,,,,,,,,,,,,,,,,,,,,,,,,,,,,,,,,,,,,,,,,,,,,,,,,,,,,,,,,,,,,,,,,,,,,,,,,,,,,,,,,,,,,,,,,,,,,,,,,,,,,,,,,,,5.0,,,,5.0,,4.0,,0.0,,,,0.0,,0.0,,3.0,,,,3.0,,0.0,,3.0,,,,3.0,,2.0,,0.0,,,,0.0,,0.0,,20,18,5.0,,,,5.0,,1.0,,4.0,,,,4.0,,0.0,,0.0,,,,0.0,,0.0,,,,,,,,,,,,,,,,,,,,,,,,,,,,,,,,,,,,,,,,,,,,,,,,,,,,,,,,,,,,,,,,,,,,,,,,,,,,,,,,,,,,,,,,,,,,,,,,,,,,,,,,,,,,,,,,,,,,,,,,,,,,,,,,,,,,,,,,,,,,,,,,,,,,,,,,,,,,,,,,,,,,,,,,,,,,,,,,,,,,,,,,,,,,,10.0,,,,,,,,,,,,,1.0313,23.1,114.0,29.0,23.8,,,,,,0.9919,17.3,148.0,25.0,17.2,,,,,,,,,,,,,,,,,,,,,,,,,,,,,,,,,,,,,,,,,,,,,,,,,,,,,,,,,,,,,,,,,,,,,,,,,,,,,,,,,,,,,,,,,,,,,,,,,,,,,,,,,,,,,,,,,,,,,,,,,,,,,,,,,,,,,,,,,,,,,,,,,,,,,,,,,,,,,,,,,,,,,,,,,,,,,,,,,,,,,,,,,,
1,170017,SUSAN B ALLEN MEMORIAL HOSPITAL,07,2013,,,,,,,,,,,,,,,,,,,,,,,,,,,,,,,,,,,,,,,,,55.15,,,,,,,,,,,,,,,,,,,,,62.5,,,38.0,43.75,,,11.4,,,,,,,,,,,,,,,,,,,,,,,,,,,,,,,,,,,,,,,,,,,,,,,,,,,,,,,,,,,,,,,,,,,,,,,,,,,,,,,,,,,,,,,,,,,,,,,,,,,,,,,,,,,,,,,,,,,,,,,,,,,,,,,,,,,,,,,,,,,,,,,,,,,,,,,,,,,,,,,,,,,,,5.0,,,,5.0,,4.0,,0.0,,,,0.0,,0.0,,3.0,,,,3.0,,0.0,,3.0,,,,3.0,,2.0,,0.0,,,,0.0,,0.0,,20,18,5.0,,,,5.0,,1.0,,4.0,,,,4.0,,0.0,,0.0,,,,0.0,,0.0,,,,,,,,,,,,,,,,,,,,,,,,,,,,,,,,,,,,,,,,,,,,,,,,,,,,,,,,,,,,,,,,,,,,,,,,,,,,,,,,,,,,,,,,,,,,,,,,,,,,,,,,,,,,,,,,,,,,,,,,,,,,,,,,,,,,,,,,,,,,,,,,,,,,,,,,,,,,,,,,,,,,,,,,,,,,,,,,,,,,,,,,,,,,,10.0,,,,,,,,,,,,,1.0313,23.1,114.0,29.0,23.8,,,,,,0.9919,17.3,148.0,25.0,17.2,,,,,,,,,,,,,,,,,,,,,,,,,,,,,,,,,,,,,,,,,,,,,,,,,,,,,,,,,,,,,,,,,,,,,,,,,,,,,,,,,,,,,,,,,,,,,,,,,,,,,,,,,,,,,,,,,,,,,,,,,,,,,,,,,,,,,,,,,,,,,,,,,,,,,,,,,,,,,,,,,,,,,,,,,,,,,,,,,,,,,,,,,,
2,170017,SUSAN B ALLEN MEMORIAL HOSPITAL,10,2013,,,,,,,,,,,,,,,,,,,,,,,,,,,,,,,,,,,,,,,,,55.15,,,,,,,,,,,,,,,,,,,,,62.5,,,38.0,43.75,,,11.4,,,,,,,,,,,,,,,,,,,,,,,,,,,,,,,,,,,,,,,,,,,,,,,,,,,,,,,,,,,,,,,,,,,,,,,,,,,,,,,,,,,,,,,,,,,,,,,,,,,,,,,,,,,,,,,,,,,,,,,,,,,,,,,,,,,,,,,,,,,,,,,,,,,,,,,,,,,,,,,,,,,,,5.0,,,,5.0,,4.0,,0.0,,,,0.0,,0.0,,3.0,,,,3.0,,0.0,,3.0,,,,3.0,,2.0,,0.0,,,,0.0,,0.0,,20,18,5.0,,,,5.0,,1.0,,4.0,,,,4.0,,0.0,,0.0,,,,0.0,,0.0,,,,,,,,,,,,,,,,,,,,,,,,,,,,,,,,,,,,,,,,,,,,,,,,,,,,,,,,,,,,,,,,,,,,,,,,,,,,,,,,,,,,,,,,,,,,,,,,,,,,,,,,,,,,,,,,,,,,,,,,,,,,,,,,,,,,,,,,,,,,,,,,,,,,,,,,,,,,,,,,,,,,,,,,,,,,,,,,,,,,,,,,,,,,,10.0,,,,,,,,,,,,,1.0175,22.5,92.0,22.0,22.9,,,,,,1.0379,16.4,152.0,28.0,17.0,,,,,,,,,,,,,,,,,,,,,,,,,,,,,,,,,,,,,,,,,,,,,,,,,,,,,,,,,,,,,,,,,,,,,,,,,,,,,,,,,,,,,,,,,,,,,,,,,,,,,,,,,,,,,,,,,,,,,,,,,,,,,,,,,,,,,,,,,,,,,,,,,,,,,,,,,,,,,,,,,,,,,,,,,,,,,,,,,,,,,,,,,,
3,170017,SUSAN B ALLEN MEMORIAL HOSPITAL,01,2014,,,,,,,,,,,,,,,,,,,,,,,,,,,,,,,,,,,,,,,,,38.45,,,,,,,,,,,,,,,,,,,,,46.0,,5.0,55.0,20.7,,1.25,16.5,,,,,,,,,,,,,,,,,,,,,,,,,,,,,,,,,,,,,,,,,,,,,,,,,,,,,,,,,,,,,,,,,,,,,,,,,,,,,,,,,,,,,,,,,,,,,,,,,,,,,,,,,,,,,,,,,,,,,,,,,,,,,,,,,,,,,,,,,,,,,,,,,,,,,,,,,,,,,,,,,,,,,4.0,,,,4.0,,3.0,,2.0,,,,2.0,,1.0,,7.0,,,,7.0,,0.0,,5.0,,,,5.0,,3.0,,1.0,,,,2.0,,2.0,,35,20,6.0,,,,6.0,,0.0,,7.0,,,,7.0,,6.0,,2.0,,,,2.0,,2.0,,,,,,,,,,,,,,,,,,,,,,,,,,,,,,,,,,,,,,,,,,,,,,,,,,,,,,,,,,,,,,,,,,,,,,,,,,,,,,,,,,,,,,,,,,,,,,,,,,,,,,,,,,,,,,,,,,,,,,,,,,,,,,,,,,,,,,,,,,,,,,,,,,,,,,,,,,,,,,,,,,,,,,,,,,,,,,,,,,,,,,,,,,,,,10.0,,,,,,,,,,,,,1.0175,22.5,92.0,22.0,22.9,,,,,,1.0379,16.4,152.0,28.0,17.0,,,,,,,,,,,,,,,,,,,,,,,,,,,,,,,,,,,,,,,,,,,,,,,,,,,,,,,,,,,,,,,,,,,,,,,,,,,,,,,,,,,,,,,,,,,,,,,,,,,,,,,,,,,,,,,,,,,,,,,,,,,,,,,,,,,,,,,,,,,,,,,,,,,,,,,,,,,,,,,,,,,,,,,,,,,,,,,,,,,,,,,,,,
4,170017,SUSAN B ALLEN MEMORIAL HOSPITAL,04,2014,,,,,,,,,,,,,,,,,,,,,,,,,,,,,,,,,,,,,,,,,38.45,,,,,,,,,,,,,,,,,,,,,46.0,,5.0,55.0,20.7,,1.25,16.5,,,,,,,,,,,,,,,,,,,,,,,,,,,,,,,,,,,,,,,,,,,,,,,,,,,,,,,,,,,,,,,,,,,,,,,,,,,,,,,,,,,,,,,,,,,,,,,,,,,,,,,,,,,,,,,,,,,,,,,,,,,,,,,,,,,,,,,,,,,,,,,,,,,,,,,,,,,,,,,,,,,,,4.0,,,,4.0,,3.0,,2.0,,,,2.0,,1.0,,7.0,,,,7.0,,0.0,,5.0,,,,5.0,,3.0,,1.0,,,,2.0,,2.0,,35,20,6.0,,,,6.0,,0.0,,7.0,,,,7.0,,6.0,,2.0,,,,2.0,,2.0,,,,,,,,,,,,,,,,,,,,,,,,,,,,,,,,,,,,,,,,,,,,,,,,,,,,,,,,,,,,,,,,,,,,,,,,,,,,,,,,,,,,,,,,,,,,,,,,,,,,,,,,,,,,,,,,,,,,,,,,,,,,,,,,,,,,,,,,,,,,,,,,,,,,,,,,,,,,,,,,,,,,,,,,,,,,,,,,,,,,,,,,,,,,,,,,,,,,,,,,,,1.0175,22.5,92.0,22.0,22.9,,,,,,1.0379,16.4,152.0,28.0,17.0,,,,,,,,,,,,,,,,,,,,,,,,,,,,,,,,,,,,,,,,,,,,,,,,,,,,,,,,,,,,,,,,,,,,,,,,,,,,,,,,,,,,,,,,,,,,,,,,,,,,,,,,,,,,,,,,,,,,,,,,,,,,,,,,,,,,,,,,,,,,,,,,,,,,,,,,,,,,,,,,,,,,,,,,,,,,,,,,,,,,,,,,,,
5,170017,SUSAN B ALLEN MEMORIAL HOSPITAL,07,2014,,34.0,,0.0,0.052,,,,,,0.0,0.288,,221.0,,,,0.0,0.2,,5578.0,,0.305,1.0,3.28,0.008,5141.0,1.699,15.0,1.0,0.443,,,,,,,,,,38.45,,,,,,,,,,,,,,,,,,,,,46.0,,5.0,55.0,20.7,,1.25,16.5,,,,,,,,,,,,,,0.8495,,,,,,,,,,,,,,,0.0,,,,1.0,1.0,0.8851,0.0,,,,0.0,0.0,0.8789,,,,,,,,,,,,,,,,,,,,,,,,,,,,,,,,,,,,,,,,,,,,,,,,,,,,,,,,,,,,,,,,,,,,,,,,,,,,,,,,,,,,,,,,,,,,,,,,,,,,,,,,,,,,,,,,,,,,,,,,,,,4.0,,,,4.0,,3.0,,2.0,,,,2.0,,1.0,,7.0,,,,7.0,,0.0,,5.0,,,,5.0,,3.0,,1.0,,,,2.0,,2.0,,35,20,6.0,,,,6.0,,0.0,,7.0,,,,7.0,,6.0,,2.0,,,,2.0,,2.0,,1.1,,44.2,24.0,0.8,1.5,0.0,,,,,,,,,,,,,,,,,,1.33,,,,,,11.7,23.4,15.8,0.29,,,0.51,,4.15,11.7,18.6,,,,,0.83,,3.7,5.1,,,,,,,,,,,,,,,94.0,18.0,,,100.0,80.0,,,100.0,19.0,100.0,81.0,,0.0,96.0,26.0,100.0,18.0,54.0,13.0,22.0,478.0,,,,,100.0,44.0,,,,0.0,,0.0,50.0,16.0,,,,,,,96.0,23.0,95.0,244.0,93.0,284.0,,,,,95.0,85.0,,,1.0,13479.0,4.0,84.0,,0.0,26.0,12.0,,,70.0,200.0,98.0,425.0,184.0,200.0,39.0,53.0,12.0,43.0,,,100.0,31.0,,0.0,99.0,68.0,99.0,68.0,100.0,61.0,97.0,59.0,,,,,,,,,,,,,,,,,94.0,51.0,100.0,13.0,100.0,77.0,,,,,,,76.0,17.0,,,,,,,,,,,,,,,,,,1.0175,22.5,92.0,22.0,22.9,,,,,,1.0379,16.4,152.0,28.0,17.0,,,,,,,,,,,,,,,,,,,,,,300 or more,30,,,,,,,,,,,,80.0,3.0,17.0,,,,,,,,,,86.0,3.0,11.0,,,,,,,,,,71.0,5.0,24.0,,,,,,,62.0,16.0,22.0,,,,,,,14.0,86.0,,,,,,,,,,,,,,,,,75.0,10.0,15.0,62.0,5.0,33.0,6.0,18.0,76.0,2.0,74.0,24.0,68.0,6.0,26.0,,,,,,,,,,,,,,,,,,,,,,,,,,,,,,,,,,,,,,,,,,,,,,,,,,,,,,,,,,,,,,,,,,,,,,,,,,,,,
6,170017,SUSAN B ALLEN MEMORIAL HOSPITAL,10,2014,,34.0,,0.0,0.052,,,,,,0.0,0.288,,221.0,,,,0.0,0.2,,5578.0,,0.305,1.0,3.28,0.008,5141.0,1.699,15.0,1.0,0.443,,,,,,,,,,38.45,,,,,,,,,,,,,,,,,,,,,46.0,,5.0,55.0,20.7,,1.25,16.5,,,,,,,,,,,,,,0.8495,,,,,,,,,,,,,,,0.0,,,,1.0,1.0,0.8851,0.0,,,,0.0,0.0,0.8789,,,,,,,,,,,,,,,,,,,,,,,,,,,,,,,,,,,,,,,,,,,,,,,,,,,,,,,,,,,,,,,,,,,,,,,,,,,,,,,,,,,,,,,,,,,,,,,,,,,,,,,,,,,,,,,,,,,,,,,,,,,4.0,,,,4.0,,3.0,,2.0,,,,2.0,,1.0,,7.0,,,,7.0,,0.0,,5.0,,,,5.0,,3.0,,1.0,,,,2.0,,2.0,,35,20,6.0,,,,6.0,,0.0,,7.0,,,,7.0,,6.0,,2.0,,,,2.0,,2.0,,1.1,,44.2,24.0,0.8,1.5,0.0,,,,,,,,,,,,,,,,,,1.33,,,,,,11.7,23.4,15.8,0.29,,,0.51,,4.15,11.7,18.6,,,,,0.83,,3.7,5.1,,,,,,,,,,,,,,,94.0,18.0,,,100.0,80.0,,,100.0,19.0,100.0,81.0,,0.0,96.0,26.0,100.0,18.0,54.0,13.0,22.0,478.0,,,,,100.0,44.0,,,,0.0,,0.0,50.0,16.0,,,,,,,96.0,23.0,95.0,244.0,93.0,284.0,,,,,95.0,85.0,,,1.0,13479.0,4.0,84.0,,0.0,26.0,12.0,,,70.0,200.0,98.0,425.0,184.0,200.0,39.0,53.0,12.0,43.0,,,100.0,31.0,,0.0,99.0,68.0,99.0,68.0,100.0,61.0,97.0,59.0,,,,,,,,,,,,,,,,,94.0,51.0,100.0,13.0,100.0,77.0,,,,,,,76.0,17.0,,,,,,,,,,,,,,,,,,1.0175,22.5,92.0,22.0,22.9,,,,,,1.0379,16.4,152.0,28.0,17.0,,,,,,,,,,,,,,,,,,,,,,300 or more,30,,,,,,,,,,,,80.0,3.0,17.0,,,,,,,,,,86.0,3.0,11.0,,,,,,,,,,71.0,5.0,24.0,,,,,,,62.0,16.0,22.0,,,,,,,14.0,86.0,,,,,,,,,,,,,,,,,75.0,10.0,15.0,62.0,5.0,33.0,6.0,18.0,76.0,2.0,74.0,24.0,68.0,6.0,26.0,,,,,,,,,,,,,,,,,,,,,,,,,,,,,,,,,,,,,,,,,,,,,,,,,,,,,,,,,,,,,,,,,,,,,,,,,,,,,
7,170017,SUSAN B ALLEN MEMORIAL HOSPITAL,12,2014,,28.0,,0.0,0.043,,,,,,0.0,0.264,,203.0,,,,0.0,0.355,,7112.0,,0.238,1.0,4.194,0.006,6539.0,1.328,13.0,1.0,0.378,,,,,,,,,,36.688888888889,,,,,,,,,,,,,,,,,,,,,44.444444444444,40.000000000000,10.000000000000,56.000000000000,08.888888888889,08.000000000000,03.000000000000,16.800000000000,,,,,,,,,,,,,,0.85619,,,,,,,,,,,,,,,,,,,,,0.89303,0.0,,,,0.0,0.0,0.86576,,,,,,,,,,,,,,,,,,2.0,2.0,2.0,0.59254,Not Available,4.0,,,,0.0,4.0,0.92261,,,,,,,,,,,,,,,,,,,,,,,,,,,,,,,,,,,,,,,,,,,,,,,,,,,,,,,,,,,,,,,,,,,,,,,,,,,,,,,,,,,,,,,,,,,,,,5.0,,,,5.0,,0.0,,4.0,,,,6.0,,6.0,,5.0,,,,5.0,,2.0,,4.0,,,,4.0,,4.0,,6.0,,,,6.0,,5.0,,37,19,6.0,,,,6.0,,4.0,,5.0,,,,5.0,,2.0,,0.0,,,,0.0,,0.0,,1.1,,44.2,24.0,0.8,1.5,0.0,,,,,,,,,,,,,,,,,,1.79,,,,9.8,18.6,10.5,23.1,16.8,0.4,,,0.86,,5.27,14.1,20.3,,,,,1.86,,3.8,5.0,24.5,12.7,,,,,,,,,,,,,96.0,24.0,,,100.0,89.0,,,100.0,26.0,,,,0.0,95.0,19.0,96.0,25.0,59.0,17.0,23.0,476.0,,,,,100.0,40.0,,,,0.0,,0.0,50.0,12.0,85.0,793.0,,,,,100.0,15.0,96.0,248.0,,,,,,0.0,95.0,65.0,,,1.0,13479.0,3.0,92.0,,0.0,29.0,15.0,,,62.0,180.0,96.0,422.0,182.0,180.0,31.0,52.0,10.0,52.0,,,94.0,47.0,,0.0,99.0,97.0,100.0,97.0,100.0,53.0,100.0,52.0,,,,,,,,,,,,,,,,,96.0,55.0,93.0,14.0,100.0,54.0,,,,,,,78.0,23.0,,,,,,,,,,,,,1.1768,18.1,104.0,34.0,21.3,1.0085,22.2,87.0,20.0,22.4,0.9692,5.2,,,5.0,1.1443,16.6,172.0,41.0,19.0,,,,,,,,,,,,,,,,6.0,,6.0,,6.0,,300 or more,31,,,,,,,,,,,,80.0,3.0,17.0,,,,,,,,,,85.0,3.0,12.0,,,,,,,,,,71.0,5.0,24.0,,,,,,,66.0,16.0,18.0,,,,,,,13.0,87.0,,,,,45.0,3.0,52.0,,,,,,,,,,77.0,8.0,15.0,65.0,5.0,30.0,5.0,17.0,78.0,2.0,74.0,24.0,69.0,6.0,25.0,,,,,,,,,,,,,,,,,,,,,,,,,,,,,,,,,,,,,,,,,,,,,,,,,,,,,,,,,,,,,,,,,,,,,,,,,,,,,
8,170017,SUSAN B ALLEN MEMORIAL HOSPITAL,01,2015,,28.0,,0.0,0.043,,,,,,0.0,0.264,,203.0,,,,0.0,0.355,,7112.0,,0.238,1.0,4.194,0.006,6539.0,1.328,13.0,1.0,0.378,,,,,,,,,,36.688888888889,,,,,,,,,,,,,,,,,,,,,44.444444444444,40.000000000000,10.000000000000,56.000000000000,08.888888888889,08.000000000000,03.000000000000,16.800000000000,,,,,,,,,,,,,,0.85619,,,,,,,,,,,,,,,,,,,,,0.89303,0.0,,,,0.0,0.0,0.86576,,,,,,,,,,,,,,,,,,2.0,2.0,2.0,0.59254,Not Available,4.0,,,,0.0,4.0,0.92261,,,,,,,,,,,,,,,,,,,,,,,,,,,,,,,,,,,,,,,,,,,,,,,,,,,,,,,,,,,,,,,,,,,,,,,,,,,,,,,,,,,,,,,,,,,,,,5.0,,,,5.0,,0.0,,4.0,,,,6.0,,6.0,,5.0,,,,5.0,,2.0,,4.0,,,,4.0,,4.0,,6.0,,,,6.0,,5.0,,37,19,6.0,,,,6.0,,4.0,,5.0,,,,5.0,,2.0,,0.0,,,,0.0,,0.0,,1.1,,44.2,24.0,0.8,1.5,0.0,,,,,,,,,,,,,,,,,,1.79,,,,9.8,18.6,10.5,23.1,16.8,0.4,,,0.86,,5.27,14.1,20.3,,,,,1.86,,3.8,5.0,24.5,12.7,,,,,,,,,,,,,96.0,24.0,,,100.0,89.0,,,100.0,26.0,,,,0.0,95.0,19.0,96.0,25.0,59.0,17.0,23.0,476.0,,,,,100.0,40.0,,,,0.0,,0.0,50.0,12.0,85.0,793.0,,,,,100.0,15.0,96.0,248.0,,,,,,0.0,95.0,65.0,,,1.0,13479.0,3.0,92.0,,0.0,29.0,15.0,,,62.0,180.0,96.0,422.0,182.0,180.0,31.0,52.0,10.0,52.0,,,94.0,47.0,,0.0,99.0,97.0,100.0,97.0,100.0,53.0,100.0,52.0,,,,,,,,,,,,,,,,,96.0,55.0,93.0,14.0,100.0,54.0,,,,,,,78.0,23.0,,,,,,,,,,,,,1.1768,18.1,104.0,34.0,21.3,1.0085,22.2,87.0,20.0,22.4,0.9692,5.2,,,5.0,1.1443,16.6,172.0,41.0,19.0,,,,,,,,,,,,,,,,6.0,,6.0,,6.0,,300 or more,31,,,,,,,,,,,,80.0,3.0,17.0,,,,,,,,,,85.0,3.0,12.0,,,,,,,,,,71.0,5.0,24.0,,,,,,,66.0,16.0,18.0,,,,,,,13.0,87.0,,,,,45.0,3.0,52.0,,,,,,,,,,77.0,8.0,15.0,65.0,5.0,30.0,5.0,17.0,78.0,2.0,74.0,24.0,69.0,6.0,25.0,,,,,,,,,,,,,,,,,,,,,,,,,,,,,,,,,,,,,,,,,,,,,,,,,,,,,,,,,,,,,,,,,,,,,,,,,,,,,
9,170017,SUSAN B ALLEN MEMORIAL HOSPITAL,04,2015,,17.0,,0.0,0.027,,,,,,0.0,0.16,,123.0,,,,1.0,0.332,,6468.0,,0.0,0.0,3.829,,5893.0,0.782,13.0,1.0,0.375,,,,,1.0,0.0,0.006,,,36.688888888889,,,,,,,,,,,,,,,,,,,,,44.444444444444,40.000000000000,10.000000000000,56.000000000000,08.888888888889,08.000000000000,03.000000000000,16.800000000000,,,,,,,,,,,,,,0.856189,,,,,,,,,,,,,,,,,,,,,0.893031,0.0,,,,0.0,0.0,0.865758,,,,,Not Available,,,,,,,,,,,,,2.0,2.0,2.0,0.592538,,4.0,,,,0.0,4.0,0.922614,,,,,,,,,,,,,,,,,,,,,,,,,,,,,,,,,,,,,,,,,,,,,,,,,,,,,,,,,,,,,,,,,,,,,,,,,,,,,,,,,,,,,,,,,,,,,,5.0,,,,5.0,,0.0,,4.0,,,,6.0,,6.0,,5.0,,,,5.0,,2.0,,4.0,,,,4.0,,4.0,,6.0,,,,6.0,,5.0,,37,19,6.0,,,,6.0,,4.0,,5.0,,,,5.0,,2.0,,0.0,,,,0.0,,0.0,,1.1,,44.2,24.0,0.8,1.5,0.0,,,,,,,,,,,,,,,,,,1.79,,,,9.8,18.6,10.5,23.1,16.8,0.4,,,0.86,,5.27,14.1,20.3,,,,,1.86,,3.8,5.0,24.5,12.7,,,,,,,,,,,,,96.0,23.0,,,100.0,83.0,,,100.0,25.0,,,,,92.0,12.0,96.0,24.0,53.0,17.0,21.0,478.0,,,,,97.0,32.0,,,,0.0,,0.0,,,85.0,793.0,,,,,100.0,19.0,96.0,248.0,,,,,,0.0,93.0,58.0,,,1.0,13479.0,3.0,86.0,,0.0,32.0,12.0,,,55.0,203.0,84.0,432.0,170.0,203.0,32.0,53.0,0.0,45.0,,,93.0,42.0,,0.0,99.0,103.0,100.0,103.0,100.0,41.0,95.0,39.0,,,,,,,,,,,,,,,,,98.0,47.0,93.0,15.0,100.0,24.0,,,,,,,88.0,24.0,,,,,,,,,,,,,1.1768,18.1,104.0,34.0,21.3,1.0085,22.2,87.0,20.0,22.4,0.9692,5.2,,,5.0,1.1443,16.6,172.0,41.0,19.0,,,,,,,,,,,,,,,,6.0,,6.0,,6.0,,300 or more,29,,,,,,,,,,,,80.0,3.0,17.0,,,,,,,,,,84.0,3.0,13.0,,,,,,,,,,67.0,6.0,27.0,,,,,,,70.0,15.0,15.0,,,,,,,10.0,90.0,,,,,46.0,2.0,52.0,,,,,,,,,,74.0,10.0,16.0,67.0,5.0,28.0,5.0,18.0,77.0,2.0,76.0,22.0,69.0,6.0,25.0,4.0,4.0,4.0,4.0,5.0,4.0,3.0,4.0,4.0,4.0,4.0,3.0,,,,,,,,,,,,,,,,,,,,,,,,,,,,,,,,,,,,,,,,,,,,,,,,,,,,,,,,,,,,,,,,,
10,170017,SUSAN B ALLEN MEMORIAL HOSPITAL,05,2015,,17.0,,0.0,0.027,,,,,,0.0,0.16,,123.0,,,,1.0,0.332,,6468.0,,0.0,0.0,3.829,,5893.0,0.782,13.0,1.0,0.375,,,,,1.0,0.0,0.006,,,36.688888888889,,,,,,,,,,,,,,,,,,,,,44.444444444444,40.000000000000,10.000000000000,56.000000000000,08.888888888889,08.000000000000,03.000000000000,16.800000000000,,,,,,,,,,,,,,0.856189,,,,,,,,,,,,,,,,,,,,,0.893031,0.0,,,,0.0,0.0,0.865758,,,,,Not Available,,,,,,,,,,,,,2.0,2.0,2.0,0.592538,,4.0,,,,0.0,4.0,0.922614,,,,,,,,,,,,,,,,,,,,,,,,,,,,,,,,,,,,,,,,,,,,,,,,,,,,,,,,,,,,,,,,,,,,,,,,,,,,,,,,,,,,,,,,,,,,,,5.0,,,,5.0,,0.0,,4.0,,,,6.0,,6.0,,5.0,,,,5.0,,2.0,,4.0,,,,4.0,,4.0,,6.0,,,,6.0,,5.0,,37,19,6.0,,,,6.0,,4.0,,5.0,,,,5.0,,2.0,,0.0,,,,0.0,,0.0,,1.1,,44.2,24.0,0.8,1.5,0.0,,,,,,,,,,,,,,,,,,1.79,,,,9.8,18.6,10.5,23.1,16.8,0.4,,,0.86,,5.27,14.1,20.3,,,,,1.86,,3.8,5.0,24.5,12.7,,,,,,,,,,,,,96.0,23.0,,,100.0,83.0,,,100.0,25.0,,,,,92.0,12.0,96.0,24.0,53.0,17.0,21.0,478.0,,,,,97.0,32.0,,,,0.0,,0.0,,,85.0,793.0,,,,,100.0,19.0,96.0,248.0,,,,,,0.0,93.0,58.0,,,1.0,13479.0,3.0,86.0,,0.0,32.0,12.0,,,55.0,203.0,84.0,432.0,170.0,203.0,32.0,53.0,0.0,45.0,,,93.0,42.0,,0.0,99.0,103.0,100.0,103.0,100.0,41.0,95.0,39.0,,,,,,,,,,,,,,,,,98.0,47.0,93.0,15.0,100.0,24.0,,,,,,,88.0,24.0,,,,,,,,,,,,,1.1768,18.1,104.0,34.0,21.3,1.0085,22.2,87.0,20.0,22.4,0.9692,5.2,,,5.0,1.1443,16.6,172.0,41.0,19.0,,,,,,,,,,,,,,,,6.0,,6.0,,6.0,,300 or more,29,,,,,,,,,,,,80.0,3.0,17.0,,,,,,,,,,84.0,3.0,13.0,,,,,,,,,,67.0,6.0,27.0,,,,,,,70.0,15.0,15.0,,,,,,,10.0,90.0,,,,,46.0,2.0,52.0,,,,,,,,,,74.0,10.0,16.0,67.0,5.0,28.0,5.0,18.0,77.0,2.0,76.0,22.0,69.0,6.0,25.0,4.0,4.0,4.0,4.0,5.0,4.0,3.0,4.0,4.0,4.0,4.0,3.0,,,,,,,,,,,,,,,,,,,,,,,,,,,,,,,,,,,,,,,,,,,,,,,,,,,,,,,,,,,,,,,,,
11,170017,SUSAN B ALLEN MEMORIAL HOSPITAL,07,2015,,13.0,,0.0,0.021,,,,,,0.0,0.146,,112.0,,,,1.0,0.419,,6399.0,,0.528,2.0,3.789,0.088,5849.0,1.744,13.0,1.0,0.381,,,,,1.0,0.0,0.006,,,36.688888888889,,,,,,,,,,,,,,,,,,,,,44.444444444444,40.000000000000,10.000000000000,56.000000000000,08.888888888889,08.000000000000,03.000000000000,16.800000000000,,,,,,,,,,,,,,0.856189,,,,,,,,,,,,,,,,,,,,,0.893031,0.0,,,,0.0,0.0,0.865758,,,,,Not Available,,,,,,,,,,,,,2.0,2.0,2.0,0.592538,,,,,,,,Not Available,,,,,,,,,,,,,,,,,,,,,,,,,,,,,,,,,,,,,,,,,,,,,,,,,,,,,,,,,,,,,,,,,,,,,,,,,,,,,,,,,,,,,,,,,,,,,,5.0,,,,5.0,,0.0,,4.0,,,,6.0,,6.0,,5.0,,,,5.0,,2.0,,4.0,,,,4.0,,4.0,,6.0,,,,6.0,,5.0,,37,19,6.0,,,,6.0,,4.0,,5.0,,,,5.0,,2.0,,0.0,,,,0.0,,0.0,,0.0,,60.5,29.3,0.0,,0.6,,,,,67.0,13386.0,15354.0,11696.0,,,,,153.0,14527.0,15954.0,13176.0,,2.14,,,,,,,,,0.43,,,0.97,,6.06,,,,,,,1.67,,3.4,,,,,,,,,,,,,,100.0,11.0,91.0,22.0,,,100.0,86.0,,,100.0,22.0,,,,,,,91.0,22.0,47.0,15.0,23.0,476.0,,,,,93.0,28.0,,,,,,0.0,,,85.0,793.0,,,,,100.0,17.0,96.0,248.0,,,,,,,94.0,52.0,,,1.0,15816.0,3.0,89.0,,0.0,30.0,13.0,,,54.0,235.0,82.0,439.0,166.0,235.0,32.0,46.0,0.0,39.0,,,93.0,45.0,,,99.0,106.0,100.0,106.0,100.0,48.0,96.0,46.0,,,,,,,,,,,,,,,100.0,12.0,98.0,53.0,93.0,14.0,100.0,15.0,,,,,,,89.0,19.0,,,,,,,,,,,,,1.1768,18.1,104.0,34.0,21.3,1.0085,22.2,87.0,20.0,22.4,0.9692,5.2,,,5.0,1.1443,16.6,172.0,41.0,19.0,,,,,,,,,,,,,,,,6.0,,6.0,,6.0,,300 or more,30,,,,,,,,,,,,80.0,3.0,17.0,,,,,,,,,,84.0,3.0,13.0,,,,,,,,,,69.0,6.0,25.0,,,,,,,71.0,15.0,14.0,,,,,,,10.0,90.0,,,,,44.0,2.0,54.0,,,,,,,,,,75.0,11.0,14.0,69.0,5.0,26.0,5.0,16.0,79.0,2.0,77.0,21.0,71.0,6.0,23.0,4.0,4.0,4.0,4.0,5.0,4.0,3.0,4.0,4.0,4.0,4.0,4.0,,,,,,,,,,,,,,,,,,,,,,,,,,,,,,,,,,,,,,,,,,,,,,,,,,,,,,,,,,,,,,,,,
12,170017,SUSAN B ALLEN MEMORIAL HOSPITAL,10,2015,,20.0,,0.0,0.031,,,,,,0.0,0.138,,106.0,,,,1.0,0.31,,6152.0,,0.825,3.0,3.636,0.21,5601.0,2.246,15.0,2.0,0.442,,,,,2.0,0.0,0.014,,,36.688888888889,,,,,,,,,,,,,,,,,,,,,44.444444444444,40.000000000000,10.000000000000,56.000000000000,08.888888888889,08.000000000000,03.000000000000,16.800000000000,,,,,,,,,,,,,,0.856189,,,,,,,,,,,,,,,,,,,,,0.893031,0.0,,,,0.0,0.0,0.865758,,,,,Not Available,,,,,,,,,,,,,2.0,2.0,2.0,0.592538,,4.0,,,,0.0,4.0,0.922614,,,,,,,,,,,,,,,,,,,,,,,,,,,,,,,,,,,,,,,,,,,,,,,,,,,,,,,,,,,,,,,,,,,,,,,,,,,,,,,,,,,,,,,,,,,,,,5.0,,,,5.0,,0.0,,4.0,,,,6.0,,6.0,,5.0,,,,5.0,,2.0,,4.0,,,,4.0,,4.0,,6.0,,,,6.0,,5.0,,37,19,6.0,,,,6.0,,4.0,,5.0,,,,5.0,,2.0,,0.0,,,,0.0,,0.0,,0.0,,,29.3,0.0,,0.6,,,,,67.0,13386.0,15354.0,11696.0,,,,,153.0,14527.0,15954.0,13176.0,,2.14,,,,,,,,,0.43,,,0.97,,6.06,,,,,,,1.67,,3.4,,,,,,,,,,,,,,100.0,13.0,93.0,28.0,,,100.0,88.0,,,100.0,28.0,,,,,,,93.0,28.0,52.0,21.0,23.0,477.0,,,,,93.0,28.0,,,,,,,,,83.0,805.0,,,,,95.0,22.0,96.0,248.0,,,,,,,98.0,50.0,,,1.0,15816.0,3.0,91.0,,,32.0,12.0,,,54.0,270.0,88.0,451.0,167.0,270.0,33.0,41.0,2.0,46.0,,,95.0,44.0,,,99.0,95.0,100.0,95.0,100.0,47.0,96.0,46.0,,,,,,,,,,,,,,,100.0,17.0,100.0,54.0,,,,,,,,,,,100.0,23.0,100.0,12.0,,,,,,,,,,,1.1756,17.4,112.0,34.0,20.5,0.9842,21.8,79.0,16.0,21.4,0.9699,4.8,,,4.7,1.1021,16.1,166.0,36.0,17.8,,,,,,,,,,,,,,,,6.0,,6.0,,6.0,,359,30,92.0,93.0,88.0,83.0,91.0,84.0,88.0,87.0,92.0,92.0,89.0,81.0,3.0,16.0,,,,,,,,,,84.0,4.0,12.0,,,,,,,,,,70.0,6.0,24.0,,,,,,,72.0,14.0,14.0,,,,,,,9.0,91.0,,,,,43.0,3.0,54.0,,,,,,,,,,77.0,9.0,14.0,67.0,6.0,27.0,4.0,17.0,79.0,1.0,80.0,19.0,73.0,6.0,21.0,4.0,4.0,4.0,4.0,5.0,4.0,3.0,4.0,4.0,4.0,4.0,4.0,,,,,,,,,,,,,,,,,,,,,,,,,,,,,,,,,,,,,,,,,,,,,,,,,,,,,,,,,,,,,,,,,
13,170017,SUSAN B ALLEN MEMORIAL HOSPITAL,12,2015,,,,,,,,,,,,,,,,,,,,,,,0.835,3.0,3.593,0.212,5409.0,2.272,,,,,,,,,,,,,46.75,,,,,,,,,,,,,,,,,,,,,61.666666666667,60.000000000000,23.333333333333,65.000000000000,06.166666666667,15.000000000000,09.333333333333,16.250000000000,,,,,,,,,,,,,,0.864836,,,,,,,,,,,,,,,7.0,,,,,7.0,0.895713,0.0,,,,0.0,0.0,0.871984,,,,,Not Available,,,,Not Available,,,,Not Available,,,,Not Available,0.0,0.0,0.0,0.646956,,6.0,,,,4.0,6.0,0.89523,,,,,,,,,,,,,,,,,,,,,,,,,,,,,,,,,,,,,,,,,,,,,,,,,,,,,,,,,,,,,,,,,,,,,,,,,,,,,,,,,,,,,,,,,,,,,,5.0,,,,5.0,,3.0,,8.0,,,,8.0,,8.0,,4.0,,,,4.0,,0.0,,4.0,,,,4.0,,1.0,,10.0,,,,10.0,,9.0,,45,20,7.0,,,,7.0,,3.0,,3.0,,,,3.0,,0.0,,4.0,,,,4.0,,3.0,,0.0,,,29.3,0.0,,0.6,,,,,67.0,13386.0,15354.0,11696.0,,,,,153.0,14527.0,15954.0,13176.0,,2.14,,,,,,,,,0.43,,,0.97,,6.06,,,,,,,1.67,,3.4,,,,,,,,,,,,,,100.0,15.0,95.0,22.0,,,100.0,74.0,,,100.0,22.0,,,,,,,95.0,22.0,62.0,26.0,24.0,493.0,,,,,89.0,19.0,,,,,,,,,83.0,805.0,,,,,97.0,30.0,100.0,248.0,,,,,,,97.0,37.0,,,1.0,15816.0,4.0,76.0,,,34.0,11.0,,,50.0,281.0,91.0,470.0,164.0,281.0,37.0,51.0,2.0,54.0,,,100.0,31.0,,,,,100.0,35.0,100.0,35.0,94.0,34.0,,,,,,,,,,,,,,,100.0,20.0,100.0,40.0,,,,,,,,,,,96.0,24.0,100.0,14.0,,,,,,,,,,,1.1756,17.4,112.0,34.0,20.5,0.9842,21.8,79.0,16.0,21.4,0.9699,4.8,,,4.7,1.1021,16.1,166.0,36.0,17.8,,,,,,,,,,,,,,,,9.0,,9.0,,9.0,,316,31,93.0,93.0,88.0,82.0,91.0,84.0,90.0,87.0,92.0,92.0,89.0,82.0,3.0,15.0,,,,,,,,,,85.0,4.0,11.0,,,,,,,,,,70.0,6.0,24.0,,,,,,,71.0,15.0,14.0,,,,,,,9.0,91.0,,,,,39.0,3.0,58.0,,,,,,,,,,81.0,8.0,11.0,68.0,6.0,26.0,5.0,14.0,81.0,3.0,82.0,15.0,73.0,5.0,22.0,4.0,4.0,4.0,3.0,4.0,4.0,4.0,4.0,4.0,4.0,4.0,4.0,,,,,,,,,,,,,,,,,,,,,,,,,,,,,,,,,,,,,,,,,,,,,,,,,,,,,,,,,,,,,,,,,
14,170017,SUSAN B ALLEN MEMORIAL HOSPITAL,05,2016,,,,,,,,,,,,,,,,,,,,,,,1.067,4.0,3.748,0.339,5412.0,2.574,,,,,,,,,,,,,46.75,,,,,,,,,,,,,,,,,,,,,61.666666666667,60.000000000000,23.333333333333,65.000000000000,06.166666666667,15.000000000000,09.333333333333,16.250000000000,,,,,,,,,,,,,,0.864836,,,,,,,,,,,,,,,7.0,,,,,7.0,0.895713,0.0,,,,0.0,0.0,0.871984,,,,,Not Available,,,,Not Available,,,,Not Available,,,,Not Available,0.0,0.0,0.0,0.646956,,6.0,,,,4.0,6.0,0.89523,,,,,,,,,,,,,,,,,,,,,,,,,,,,,,,,,,,,,,,,,,,,,,,,,,,,,,,,,,,,,,,,,,,,,,,,,,,,,,,,,,,,,,,,,,,,,,5.0,,,,5.0,,3.0,,8.0,,,,8.0,,8.0,,4.0,,,,4.0,,0.0,,4.0,,,,4.0,,1.0,,10.0,,,,10.0,,9.0,,45,20,7.0,,,,7.0,,3.0,,3.0,,,,3.0,,0.0,,4.0,,,,4.0,,3.0,,0.0,,54.3,29.3,0.0,,0.6,,,,,67.0,13386.0,15354.0,11696.0,,,,,153.0,14527.0,15954.0,13176.0,,2.14,,,,,,,,,0.43,,,0.97,,6.06,,,,,,,1.67,,3.4,,,,,,,,,,,,,,100.0,18.0,94.0,17.0,,,99.0,68.0,,,100.0,17.0,,,,,,,94.0,17.0,65.0,26.0,26.0,507.0,,,,,92.0,12.0,,,,,,,,,83.0,805.0,,,,,96.0,26.0,100.0,248.0,,,,,,,100.0,23.0,,,1.0,15816.0,4.0,70.0,,,,,,,52.0,280.0,95.0,480.0,166.0,280.0,38.0,48.0,2.0,65.0,,,100.0,21.0,,,,,100.0,23.0,100.0,23.0,100.0,23.0,,,,,,,,,,,,,,,96.0,23.0,100.0,28.0,,,,,,,,,,,95.0,22.0,100.0,17.0,,,,,,,,,,,1.1756,17.4,112.0,34.0,20.5,0.9842,21.8,79.0,16.0,21.4,0.9699,4.8,,,4.7,1.1021,16.1,166.0,36.0,17.8,,,,,,,,,,,,,,,,9.0,,9.0,,9.0,,349,31,93.0,92.0,90.0,84.0,90.0,84.0,93.0,88.0,91.0,92.0,89.0,82.0,4.0,14.0,,,,,,,,,,84.0,5.0,11.0,,,,,,,,,,75.0,6.0,19.0,,,,,,,73.0,13.0,14.0,,,,,,,10.0,90.0,,,,,36.0,4.0,60.0,,,,,,,,,,85.0,5.0,10.0,70.0,4.0,26.0,5.0,14.0,81.0,4.0,80.0,16.0,75.0,5.0,20.0,4.0,3.0,4.0,4.0,4.0,4.0,4.0,4.0,4.0,4.0,4.0,4.0,,,,,,,,,,,,,,,,,,,,,,,,,,,,,,,,,,,,,,,,,,,,,,,,,,,,,,,,,,,,,,,,,
15,170017,SUSAN B ALLEN MEMORIAL HOSPITAL,08,2016,,68.0,193.0,0.0,0.248,,,,0.0,695.0,0.0,1.061,,187.0,,2.823,,0.0,0.419,,5724.0,,0.535,2.0,3.738,0.09,5106.0,1.768,15.0,2.0,0.429,,,,,3.0,0.0,0.022,,,46.75,,,,,,,,,,,,,,,,,,,,,61.666666666667,60.000000000000,23.333333333333,65.000000000000,06.166666666667,15.000000000000,09.333333333333,16.250000000000,,,,,,,,,,,,,,0.864836,,,,,,,,,,,,,,,7.0,,,,,7.0,0.895713,0.0,,,,0.0,0.0,0.871984,,,,,Not Available,,,,Not Available,,,,Not Available,,,,Not Available,0.0,0.0,0.0,0.646956,,6.0,,,,4.0,6.0,0.89523,,,,,,,,,,,,,,,,,,,,,,,,,,,,,,,,,,,,,,,,,,,,,,,,,,,,,,,,,,,,,,,,,,,,,,,,,,,,,,,,,,,,,,,,,,,,,,5.0,,,,5.0,,3.0,,8.0,,,,8.0,,8.0,,4.0,,,,4.0,,0.0,,4.0,,,,4.0,,1.0,,10.0,,,,10.0,,9.0,,45,20,7.0,,,,7.0,,3.0,,3.0,,,,3.0,,0.0,,4.0,,,,4.0,,3.0,,1.0,,44.4,17.2,2.0,,0.6,,,,,61.0,14247.0,16191.0,12452.0,,,,,152.0,14985.0,16436.0,13475.0,,1.49,,,,,,,,,0.46,0.06,0.16,0.91,,5.08,,,,,,9.77,,0.4,3.3,,,,,,,,,,,,,,94.0,17.0,,,,,98.0,63.0,,,,,,,,,,,,,77.0,30.0,26.0,523.0,90.0,77.0,100.0,94.0,,,,,,,,,,,83.0,805.0,,,,,96.0,27.0,100.0,248.0,,,,,,,100.0,14.0,,,1.0,16180.0,4.0,63.0,,,,,,,52.0,291.0,96.0,497.0,165.0,291.0,37.0,55.0,3.0,64.0,,,100.0,12.0,,,,,,,,,,,,,,,,,,,,,,,,,91.0,23.0,100.0,14.0,,,,,,,,,,,88.0,26.0,100.0,15.0,,,,,,,,,,,1.1756,17.4,112.0,34.0,20.5,0.9842,21.8,79.0,16.0,21.4,0.9699,4.8,,,4.7,1.1021,16.1,166.0,36.0,17.8,,,,,,,,,,,,,,,,9.0,,9.0,,9.0,,311,31,92.0,93.0,89.0,83.0,92.0,84.0,94.0,87.0,92.0,92.0,89.0,81.0,3.0,16.0,,,,,,,,,,84.0,5.0,11.0,,,,,,,,,,74.0,5.0,21.0,,,,,,,70.0,13.0,17.0,,,,,,,8.0,92.0,,,,,37.0,5.0,58.0,,,,,,,,,,87.0,3.0,10.0,69.0,5.0,26.0,5.0,14.0,81.0,3.0,80.0,17.0,74.0,5.0,21.0,4.0,4.0,4.0,4.0,5.0,4.0,5.0,4.0,4.0,4.0,4.0,4.0,,,,,,,,,,,,,,,,,,,,,,,,,,,,,,,,,,,,,,,,,,,,,,,,,,,,,,,,,,,,,,,,,
16,170017,SUSAN B ALLEN MEMORIAL HOSPITAL,11,2016,,227.0,,0.0,0.29,,,,0.0,,0.0,1.322,,864.0,,2.266,,0.0,0.414,,5591.0,,0.278,1.0,3.597,0.014,4985.0,1.371,16.0,1.0,0.478,,,,,2.0,0.0,0.014,,,46.75,,,,,,,,,,,,,,,,,,,,,61.666666666667,60.000000000000,23.333333333333,65.000000000000,06.166666666667,15.000000000000,09.333333333333,16.250000000000,,,,,,,,,,,,,,0.864836,,,,,,,,,,,,,,,7.0,,,,,7.0,0.895713,0.0,,,,0.0,0.0,0.871984,,,,,Not Available,,,,Not Available,,,,Not Available,,,,Not Available,0.0,0.0,0.0,0.646956,,6.0,,,,4.0,6.0,0.89523,,,,,,,,,,,,,,,,,,,,,,,,,,,,,,,,,,,,,,,,,,,,,,,,,,,,,,,,,,,,,,,,,,,,,,,,,,,,,,,,,,,,,,,,,,,,,,5.0,,,,5.0,,3.0,,8.0,,,,8.0,,8.0,,4.0,,,,4.0,,0.0,,4.0,,,,4.0,,1.0,,10.0,,,,10.0,,9.0,,45,20,7.0,,,,7.0,,3.0,,3.0,,,,3.0,,0.0,,4.0,,,,4.0,,3.0,,1.0,,44.4,17.2,2.0,,0.6,,,,,61.0,14247.0,16191.0,12452.0,,,,,152.0,14985.0,16436.0,13475.0,,1.49,,,,,,,,,0.46,0.06,0.16,0.91,,5.08,,,,,,9.77,,0.4,3.3,,,,,,,,,,,,,,93.0,14.0,,,,,99.0,71.0,,,,,,,,,,,,,74.0,23.0,26.0,537.0,90.0,77.0,100.0,94.0,,,,,,,,,,,96.0,686.0,,,,,96.0,27.0,100.0,248.0,,,,,,,,,,,1.0,16180.0,4.0,71.0,,,,,,,52.0,288.0,90.0,510.0,164.0,288.0,37.0,59.0,2.0,49.0,,,,,,,,,,,,,,,,,,,,,,,,,,,,,88.0,17.0,,,,,,,,,,,,,83.0,23.0,100.0,12.0,,,,,,,,,,,1.1756,17.4,112.0,34.0,20.5,0.9842,21.8,79.0,16.0,21.4,0.9699,4.8,,,4.7,1.1021,16.1,166.0,36.0,17.8,,,,,,,,,,,,,,,,9.0,,9.0,,9.0,,294,29,92.0,93.0,89.0,83.0,91.0,84.0,93.0,88.0,92.0,91.0,88.0,80.0,3.0,17.0,,,,,,,,,,84.0,4.0,12.0,,,,,,,,,,74.0,6.0,20.0,,,,,,,70.0,13.0,17.0,,,,,,,9.0,91.0,,,,,38.0,4.0,58.0,,,,,,,,,,84.0,4.0,12.0,70.0,4.0,26.0,6.0,13.0,81.0,4.0,80.0,16.0,71.0,7.0,22.0,4.0,4.0,4.0,4.0,4.0,4.0,4.0,4.0,4.0,4.0,4.0,3.0,,,,,,,,,,,,,,,,,,,,,,,,,,,,,,,,,,,,,,,,,,,,,,,,,,,,,,,,,,,,,,,,,
17,170017,SUSAN B ALLEN MEMORIAL HOSPITAL,12,2016,,227.0,,0.0,0.152,,,,,,,,,,,,,0.0,0.133,,5591.0,,0.278,1.0,3.603,0.014,4985.0,1.369,,0.0,0.358,,,,,,0.0,0.013,,,34.375,,,Not Available,,,,,Not Available,30.000000000000,,9.375000000000,,,,65.000000000000,20.312500000000,0.000000000000,75.0,4.6875,0.000000000000,,,,,,,,,,,,,,,,,0.851458,0.843037,0.871669,,,0.865387,,,,,,,,,,,,,,,0.0,0.881794,0.884598,0.903985,0.0,0.0,0.856390,0.0,0.882986,0.873827,0.908124,0.0,0.0,0.845611,,,,,,,,,,,,,,,,,,,,,,,3.0,0.987666,0.937177,0.829199,0.0,3.0,0.94883,,,0.457,Not Available,0.0,,,Not Available,,0.845,Not Available,0.0,,,Not Available,,0.751,Not Available,0.0,,,Not Available,,0.698,Not Available,0.0,,,Not Available,,0.799,Not Available,0.0,,,Not Available,6.0,0.75,0.238,0.0,0.0,6.0,0.278,,,,,,,,,,,,,,,,,,,,,,,,,,,,,,,,,,,,7.0,0.777936,0.698413,0.547889,5.0,7.0,0.615921,,,,,,,,,8.0,65.3,71.1,79.39,8.0,44.32,6.0,76.62,7.0,62.88,65.67,73.36,7.0,41.42,5.0,70.07,4.0,80.51,84.74,88.8,4.0,63.58,0.0,83.89,2.0,78.19,80.15,86.61,2.0,58.14,0.0,79.82,9.0,85.91,87.02,91.23,9.0,64.09,9.0,91.13,45,20,7.0,70.02,77.66,84.6,7.0,35.99,5.0,81.14,6.0,65.05,70.95,80.01,6.0,37.29,3.0,74.24,1.0,70.28,68.53,78.33,2.0,49.53,2.0,70.62,1.0,,44.4,17.2,2.0,,0.6,,,,,61.0,14247.0,16191.0,12452.0,,,,,152.0,14985.0,16436.0,13475.0,,1.49,,,,,,,,,0.46,0.06,0.16,0.91,,5.08,,,,,,9.77,,0.4,3.3,,,,,,,,,,,,,,,,,,,,98.0,90.0,,,,,,,,,,,,,,,26.0,535.0,100.0,143.0,99.0,147.0,,,,,,,,,,,96.0,686.0,,,,,,,99.0,269.0,,,,,,,,,,,1.0,14892.0,4.0,91.0,,,,,,,55.0,290.0,86.0,505.0,171.0,290.0,36.0,49.0,5.0,40.0,,,,,,,,,,,,,,,,,,,,,,,,,,,,,,,,,,,,,,,,,,,,,100.0,11.0,,,,,,,,,,,1.1333,17.1642,102.0,28.0,19.4523,0.9658,20.5632,71.0,12.0,19.8596,1.0265,4.1582,,,4.2683,1.0751,15.8711,195.0,37.0,17.0631,,,,3.0,,,,,,,,,,,,7.0,,7.0,3.0,3.6,No,278,27,92.0,93.0,88.0,82.0,90.0,83.0,93.0,88.0,92.0,92.0,88.0,80.0,3.0,17.0,,,,,,,,,,85.0,4.0,11.0,,,,,,,,,,73.0,6.0,21.0,,,,,,,68.0,14.0,18.0,,,,,,,10.0,90.0,,,,,40.0,4.0,56.0,,,,,,,,,,83.0,4.0,13.0,70.0,4.0,26.0,6.0,13.0,81.0,4.0,79.0,17.0,71.0,7.0,22.0,4.0,4.0,4.0,4.0,4.0,4.0,5.0,4.0,4.0,4.0,4.0,3.0,,,,,,,,,,,,,,,,,,,,,,,,,,,,,,,,,,,,,,,,,,,,,,,,,,,,,,,,,,,,,,,,,
18,170017,SUSAN B ALLEN MEMORIAL HOSPITAL,04,2017,,,,,,,,,,,,,,,,,,0.0,0.126,,5166.0,,0.0,0.0,2.916,,4415.0,1.027,10.0,0.0,0.247,,,,,,,,,,34.375,,,Not Available,,,,,Not Available,30.000000000000,,9.375000000000,,,,65.000000000000,20.312500000000,0.000000000000,75.0,4.6875,0.000000000000,,,,,,,,,,,,,,,,,0.851458,0.843037,0.871669,,,0.865387,,,,,,,,,,,,,,,0.0,0.881794,0.884598,0.903985,0.0,0.0,0.856390,0.0,0.882986,0.873827,0.908124,0.0,0.0,0.845611,,,,,,,,,,,,,,,,,,,,,,,3.0,0.987666,0.937177,0.829199,0.0,3.0,0.94883,,,0.457,Not Available,0.0,,,Not Available,,0.845,Not Available,0.0,,,Not Available,,0.751,Not Available,0.0,,,Not Available,,0.698,Not Available,0.0,,,Not Available,,0.799,Not Available,0.0,,,Not Available,6.0,0.75,0.238,0.0,0.0,6.0,0.278,,,,,,,,,,,,,,,,,,,,,,,,,,,,,,,,,,,,7.0,0.777936,0.698413,0.547889,5.0,7.0,0.615921,,,,,,,,,8.0,65.3,71.1,79.39,8.0,44.32,6.0,76.62,7.0,62.88,65.67,73.36,7.0,41.42,5.0,70.07,4.0,80.51,84.74,88.8,4.0,63.58,0.0,83.89,2.0,78.19,80.15,86.61,2.0,58.14,0.0,79.82,9.0,85.91,87.02,91.23,9.0,64.09,9.0,91.13,45,20,7.0,70.02,77.66,84.6,7.0,35.99,5.0,81.14,6.0,65.05,70.95,80.01,6.0,37.29,3.0,74.24,1.0,70.28,68.53,78.33,2.0,49.53,2.0,70.62,1.0,,44.4,17.2,2.0,,0.6,,,,,61.0,14247.0,16191.0,12452.0,,,,,152.0,14985.0,16436.0,13475.0,,1.49,,,,,,,,,0.46,0.06,0.16,0.91,,5.08,,,,,,9.77,,0.4,3.3,,,,,,,,,,,,,,,,,,,,99.0,74.0,,,,,,,,,,,,,,,26.0,401.0,100.0,143.0,99.0,147.0,,,,,,,,,,,96.0,686.0,,,,,,,99.0,269.0,,,,,,,,,,,1.0,14892.0,4.0,75.0,,,,,,,55.0,303.0,83.0,378.0,176.0,303.0,34.0,38.0,10.0,29.0,,,,,,,,,,,,,,,,,,,,,,,,,,,,,,,,,,,,,,,,,,,,,,,,,,,,,,,,,1.1333,17.1642,102.0,28.0,19.4523,0.9658,20.5632,71.0,12.0,19.8596,1.0265,4.1582,,,4.2683,1.0751,15.8711,195.0,37.0,17.0631,,,,3.0,,,,,,,,,,,,7.0,,7.0,3.0,3.6,No,247,25,93.0,94.0,88.0,81.0,88.0,83.0,93.0,88.0,92.0,92.0,89.0,81.0,3.0,16.0,,,,,,,,,,85.0,4.0,11.0,,,,,,,,,,71.0,6.0,23.0,,,,,,,67.0,15.0,18.0,,,,,,,12.0,88.0,,,,,40.0,5.0,55.0,,,,,,,,,,84.0,5.0,11.0,69.0,4.0,27.0,5.0,16.0,79.0,3.0,79.0,18.0,73.0,6.0,21.0,4.0,4.0,4.0,4.0,3.0,4.0,5.0,4.0,4.0,4.0,4.0,4.0,,,,,,,,,,,,,,,,,,,,,,,,,,,,,,,,,,,,,,,,,,,,,,,,,,,,,,,,,,,,,,,,,
19,170017,SUSAN B ALLEN MEMORIAL HOSPITAL,07,2017,,,,,,,,,,,,,,,,,,0.0,0.123,,5405.0,,0.0,0.0,2.219,,4459.0,1.35,12.0,0.0,0.306,,,,,,,,,,34.375,,,Not Available,,,,,Not Available,30.000000000000,,9.375000000000,,,,65.000000000000,20.312500000000,0.000000000000,75.0,4.6875,0.000000000000,,,,,,,,,,,,,,,,,0.851458,0.843037,0.871669,,,0.865387,,,,,,,,,,,,,,,0.0,0.881794,0.884598,0.903985,0.0,0.0,0.856390,0.0,0.882986,0.873827,0.908124,0.0,0.0,0.845611,,,,,,,,,,,,,,,,,,,,,,,3.0,0.987666,0.937177,0.829199,0.0,3.0,0.94883,,,0.457,Not Available,0.0,,,Not Available,,0.845,Not Available,0.0,,,Not Available,,0.751,Not Available,0.0,,,Not Available,,0.698,Not Available,0.0,,,Not Available,,0.799,Not Available,0.0,,,Not Available,6.0,0.75,0.238,0.0,0.0,6.0,0.278,,,,,,,,,,,,,,,,,,,,,,,,,,,,,,,,,,,,7.0,0.777936,0.698413,0.547889,5.0,7.0,0.615921,,,,,,,,,8.0,65.3,71.1,79.39,8.0,44.32,6.0,76.62,7.0,62.88,65.67,73.36,7.0,41.42,5.0,70.07,4.0,80.51,84.74,88.8,4.0,63.58,0.0,83.89,2.0,78.19,80.15,86.61,2.0,58.14,0.0,79.82,9.0,85.91,87.02,91.23,9.0,64.09,9.0,91.13,45,20,7.0,70.02,77.66,84.6,7.0,35.99,5.0,81.14,6.0,65.05,70.95,80.01,6.0,37.29,3.0,74.24,1.0,70.28,68.53,78.33,2.0,49.53,2.0,70.62,6.7,,42.4,7.9,4.3,0.7,0.6,,,,,56.0,14719.0,16971.0,12872.0,42.0,21321.0,23480.0,19344.0,155.0,15221.0,16594.0,13767.0,,1.49,,,,9.6,14.2,13.8,,,0.46,0.06,0.16,0.91,,5.08,22.8,,,,,9.77,,0.4,3.0,,,,,,,,,,,,,,,,,,,,99.0,116.0,,,,,,,,,,,,,,,25.0,535.0,100.0,143.0,99.0,147.0,,,,,,,,,,,96.0,686.0,,,,,,,99.0,269.0,,,,,,,,,,,1.0,14892.0,4.0,118.0,,,25.0,15.0,,,58.0,311.0,84.0,505.0,178.0,311.0,37.0,49.0,6.0,32.0,,,,,,,,,,,,,,,,,,,,,,,,,,,,,,,,,,,,,,,,,,,,,,,,,,,,,,,,,1.1333,17.1642,102.0,28.0,19.4523,0.9658,20.5632,71.0,12.0,19.8596,1.0265,4.1582,,,4.2683,1.0751,15.8711,195.0,37.0,17.0631,,,,3.0,,,,,,,,,,,,7.0,,7.0,3.0,3.6,No,262,27,92.0,92.0,87.0,79.0,86.0,82.0,91.0,88.0,91.0,92.0,88.0,79.0,3.0,18.0,,,,,,,,,,82.0,4.0,14.0,,,,,,,,,,71.0,7.0,22.0,,,,,,,64.0,17.0,19.0,,,,,,,14.0,86.0,,,,,40.0,6.0,54.0,,,,,,,,,,82.0,6.0,12.0,68.0,4.0,28.0,6.0,18.0,76.0,4.0,79.0,17.0,71.0,6.0,23.0,4.0,3.0,4.0,3.0,3.0,4.0,4.0,4.0,4.0,4.0,4.0,3.0,,,,,,,,,,,,,,,,,,,,,,,,,,,,,,,,,,,,,,,,,,,,,,,,,,,,,,,,,,,,,,,,,
20,170017,SUSAN B ALLEN MEMORIAL HOSPITAL,10,2017,,264.0,,0.0,0.158,,,,,,1.0,0.423,,840.0,,,,0.0,0.157,,5741.0,,0.848,2.0,2.357,0.142,4768.0,2.803,10.0,0.0,0.254,,,,,,,,,,34.375,,,Not Available,,,,,Not Available,30.000000000000,,9.375000000000,,,,65.000000000000,20.312500000000,0.000000000000,75.0,4.6875,0.000000000000,,,,,,,,,,,,,,,,,0.851458,0.843037,0.871669,,,0.865387,,,,,,,,,,,,,,,0.0,0.881794,0.884598,0.903985,0.0,0.0,0.856390,0.0,0.882986,0.873827,0.908124,0.0,0.0,0.845611,,,,,,,,,,,,,,,,,,,,,,,3.0,0.987666,0.937177,0.829199,0.0,3.0,0.94883,,,0.457,Not Available,0.0,,,Not Available,,0.845,Not Available,0.0,,,Not Available,,0.751,Not Available,0.0,,,Not Available,,0.698,Not Available,0.0,,,Not Available,,0.799,Not Available,0.0,,,Not Available,6.0,0.75,0.238,0.0,0.0,6.0,0.278,,,,,,,,,,,,,,,,,,,,,,,,,,,,,,,,,,,,7.0,0.777936,0.698413,0.547889,5.0,7.0,0.615921,,,,,,,,,8.0,65.3,71.1,79.39,8.0,44.32,6.0,76.62,7.0,62.88,65.67,73.36,7.0,41.42,5.0,70.07,4.0,80.51,84.74,88.8,4.0,63.58,0.0,83.89,2.0,78.19,80.15,86.61,2.0,58.14,0.0,79.82,9.0,85.91,87.02,91.23,9.0,64.09,9.0,91.13,45,20,7.0,70.02,77.66,84.6,7.0,35.99,5.0,81.14,6.0,65.05,70.95,80.01,6.0,37.29,3.0,74.24,1.0,70.28,68.53,78.33,2.0,49.53,2.0,70.62,6.7,,42.4,7.9,4.3,0.7,0.6,,,,,56.0,14719.0,16971.0,12872.0,42.0,21321.0,23480.0,19344.0,155.0,15221.0,16594.0,13767.0,,,,,,9.6,14.2,13.8,,,0.39,0.1,,0.9,5.0,3.91,22.8,,1.11,,9.55,5.65,,0.22,3.0,,,,,,,,,,,,,,,,,,,,99.0,116.0,,,,,,,,,,,,,,,22.0,535.0,100.0,143.0,99.0,147.0,,,,,,,,,,,97.0,659.0,,,,,,,99.0,269.0,,,,,,,,,,,1.0,14892.0,3.0,119.0,,,23.0,13.0,,,58.0,334.0,88.0,508.0,180.0,334.0,35.0,47.0,5.0,39.0,,,,,,,,,,,,,,,,,,,,,,,,,,,,,,,,,,,,,,,,,,,,,,,,,,,,,,,,,1.1333,17.1642,102.0,28.0,19.4523,0.9658,20.5632,71.0,12.0,19.8596,1.0265,4.1582,,,4.2683,1.0751,15.8711,195.0,37.0,17.0631,,,,3.0,,,,,,,,,,,,7.0,,7.0,3.0,3.6,No,268,27,92.0,93.0,87.0,78.0,86.0,82.0,92.0,88.0,90.0,92.0,88.0,80.0,3.0,17.0,,,,,,,,,,84.0,4.0,12.0,,,,,,,,,,71.0,7.0,22.0,,,,,,,62.0,18.0,20.0,,,,,,,14.0,86.0,,,,,40.0,5.0,55.0,,,,,,,,,,85.0,6.0,9.0,70.0,4.0,26.0,4.0,20.0,76.0,3.0,81.0,16.0,72.0,5.0,23.0,4.0,4.0,4.0,3.0,3.0,4.0,4.0,4.0,4.0,4.0,4.0,4.0,,,,,,,,,,,,,,,,,,,,,,,,,,,,,,,,,,,,,,,,,,,,,,,,,,,,,,,,,,,,,,,,,
21,170017,SUSAN B ALLEN MEMORIAL HOSPITAL,01,2018,,281.0,,0.0,0.167,,,,,,1.0,0.428,,855.0,,,,0.0,0.148,,6069.0,,0.607,2.0,3.294,0.102,5079.0,2.006,10.0,0.0,0.252,,,,,,,,,,32.416666666667,,,36.666666666667,,,,,9.166666666667,50.000000000000,,12.500000000000,,0.000000000000,0.000000000000,43.000000000000,10.750000000000,,,,,,,,,,,,,,,,,,,,,0.850916,0.841206,0.873053,,,0.864838,,,,,,,,,,,,,,,0.0,0.883421,0.878035,0.907656,0.0,0.0,0.859787,0.0,0.88286,0.875091,0.9079,0.0,0.0,0.829391,,,,,,,,,,,,,,,,,,,,,,,5.0,0.985777,0.895230,0.832678,0.0,5.0,0.906289,,,0.369,Not Available,0.0,,,Not Available,,0.906,Not Available,0.0,,,Not Available,,0.824,Not Available,0.0,,,Not Available,,0.71,Not Available,0.0,,,Not Available,,0.767,Not Available,0.0,,,Not Available,1.0,0.805,0.825,0.004,0.0,1.0,0.787,,,,,,,,,,,,,,,,,,,,,,,,,,,,,0.0,0.020408,0.021739,0.0,0.0,0.0,0.051282,10.0,0.964542,0.890059,0.709498,9.0,10.0,0.573996,3.0,51.45,54.44,62.44,3.0,25.21,0.0,54.74,8.0,65.6,72.26,79.0,8.0,40.05,7.0,77.29,0.0,63.37,71.61,73.66,0.0,43.43,0.0,62.14,4.0,80.44,83.94,88.51,4.0,57.39,0.0,83.56,2.0,78.52,80.77,86.68,2.0,55.27,0.0,79.92,0.0,86.6,90.87,91.63,0.0,62.25,0.0,85.56,25,18,4.0,70.23,79.26,84.58,4.0,37.67,0.0,76.25,4.0,65.08,69.7,80.35,4.0,38.4,0.0,70.71,,,,,,,,,6.7,,42.4,7.9,4.3,0.7,0.6,,,,,56.0,14719.0,16971.0,12872.0,42.0,21321.0,23480.0,19344.0,155.0,15221.0,16594.0,13767.0,,,,,,9.6,14.2,13.8,,,0.39,0.1,,0.9,5.0,3.91,22.8,,1.11,,9.55,5.65,,0.22,3.0,,,,,,,,,,,,,,,,,,,,100.0,110.0,,,,,,,,,,,,,,,19.0,535.0,100.0,104.0,100.0,145.0,,,,,,,,,,,97.0,659.0,,,,,,,95.0,279.0,,,,,,,,,,,1.0,14695.0,4.0,112.0,,,22.0,12.0,,,59.0,362.0,88.0,511.0,181.0,363.0,36.0,46.0,2.0,42.0,,,,,,,,,,,,,,,,,,,,,,,,,,,,,,,,,,,,,,,,,,,,,,,,,,,,,,,,,0.9849,15.9,77.0,11.0,15.6,0.9508,19.4,81.0,12.0,18.5,1.0551,4.3,,,4.5,0.9935,14.9,185.0,27.0,14.8,,,,,,-1.0025,,,,,,,,,,,-0.8309,-0.8309,-1.0025,-0.9768,No,290,27,91.0,93.0,87.0,78.0,87.0,82.0,93.0,86.0,90.0,92.0,87.0,78.0,4.0,18.0,,,,,,,,,,82.0,3.0,15.0,,,,,,,,,,69.0,8.0,23.0,,,,,,,62.0,17.0,21.0,,,,,,,13.0,87.0,,,,,42.0,5.0,53.0,,,,,,,,,,84.0,5.0,11.0,66.0,6.0,28.0,5.0,19.0,76.0,3.0,80.0,17.0,69.0,5.0,26.0,3.0,4.0,4.0,3.0,3.0,4.0,4.0,4.0,4.0,4.0,4.0,3.0,81.0,20.8,25.3,16.9,473.0,15.4,16.9,14.0,185.0,16.8,20.3,13.7,77.0,19.5,23.7,16.0,44.0,4.6,6.7,3.0,60.0,12.1,15.9,9.2,,,,,,,,,,,,,,,,,,,81.0,-12.9,12.9,-33.3,,,,,,,,,,,,179.0,17.0,24.4,11.9,,,,
22,170017,SUSAN B ALLEN MEMORIAL HOSPITAL,05,2018,,322.0,,0.0,0.191,,,,,,1.0,0.434,,864.0,,,,0.0,0.14,,6009.0,,0.599,2.0,3.338,0.1,5239.0,1.98,8.0,0.0,0.204,,,,,,,,,,32.416666666667,,,36.666666666667,,,,,9.166666666667,50.000000000000,,12.500000000000,,0.000000000000,0.000000000000,43.000000000000,10.750000000000,,,,,,,,,,,,,,,,,,,,,0.850916,0.841206,0.873053,,,0.864838,,,,,,,,,,,,,,,0.0,0.883421,0.878035,0.907656,0.0,0.0,0.859787,0.0,0.88286,0.875091,0.9079,0.0,0.0,0.829391,,,,,,,,,,,,,,,,,,,,,,,5.0,0.985777,0.895230,0.832678,0.0,5.0,0.906289,,,0.369,Not Available,0.0,,,Not Available,,0.906,Not Available,0.0,,,Not Available,,0.824,Not Available,0.0,,,Not Available,,0.71,Not Available,0.0,,,Not Available,,0.767,Not Available,0.0,,,Not Available,1.0,0.805,0.825,0.004,0.0,1.0,0.787,,,,,,,,,,,,,,,,,,,,,,,,,,,,,0.0,0.020408,0.021739,0.0,0.0,0.0,0.051282,10.0,0.964542,0.890059,0.709498,9.0,10.0,0.573996,3.0,51.45,54.44,62.44,3.0,25.21,0.0,54.74,8.0,65.6,72.26,79.0,8.0,40.05,7.0,77.29,0.0,63.37,71.61,73.66,0.0,43.43,0.0,62.14,4.0,80.44,83.94,88.51,4.0,57.39,0.0,83.56,2.0,78.52,80.77,86.68,2.0,55.27,0.0,79.92,0.0,86.6,90.87,91.63,0.0,62.25,0.0,85.56,25,18,4.0,70.23,79.26,84.58,4.0,37.67,0.0,76.25,4.0,65.08,69.7,80.35,4.0,38.4,0.0,70.71,,,,,,,,,6.7,,42.4,7.9,4.3,0.7,0.6,,,,,56.0,14719.0,16971.0,12872.0,42.0,21321.0,23480.0,19344.0,155.0,15221.0,16594.0,13767.0,,,,,,9.6,14.2,13.8,,,0.39,0.1,,0.9,5.0,3.91,22.8,,1.11,,9.55,5.65,,0.22,3.0,,,,,,,,,,,,,,,,,,,,100.0,117.0,,,,,,,,,,,,,,,17.0,534.0,100.0,104.0,100.0,145.0,,,,,,,,,,,97.0,659.0,,,,,,,95.0,279.0,,,,,,,,,,,1.0,14695.0,5.0,119.0,,,,,,,59.0,366.0,86.0,506.0,181.0,367.0,26.0,53.0,0.0,41.0,,,,,,,,,,,,,,,,,,,,,,,,,,,,,,,,,,,,,,,,,,,,,,,,,,,,,,,,,0.9849,15.8805,77.0,11.0,15.6413,0.9508,19.4442,81.0,12.0,18.4869,1.0551,4.3048,,,4.542,0.9935,14.8871,185.0,27.0,14.7904,,,,,,-1.0025,,,,,,,,,,,-0.8309,-0.8309,-1.0025,-0.9768,No,293,26,91.0,93.0,86.0,79.0,89.0,83.0,92.0,86.0,91.0,92.0,,77.0,4.0,19.0,,,,,,,,,,82.0,4.0,14.0,,,,,,,,,,68.0,9.0,23.0,,,,,,,62.0,16.0,22.0,,,,,,,11.0,89.0,,,,,44.0,3.0,53.0,,,,,,,,,,82.0,4.0,14.0,67.0,7.0,26.0,4.0,17.0,79.0,3.0,79.0,18.0,,,,3.0,4.0,3.0,3.0,4.0,4.0,4.0,4.0,4.0,4.0,4.0,,81.0,20.8,25.3,16.9,473.0,15.4,16.9,14.0,185.0,16.8,20.3,13.7,77.0,19.5,23.7,16.0,44.0,4.6,6.7,3.0,60.0,12.1,15.9,9.2,,,,,,,,,,,,,,,,,,,81.0,-12.9,12.9,-33.3,,,,,,,,,,,,179.0,17.0,24.4,11.9,,,,
23,170017,SUSAN B ALLEN MEMORIAL HOSPITAL,07,2018,,256.0,,0.0,0.153,,,,,,1.0,0.402,,799.0,,,,0.0,0.144,,5418.0,,0.958,3.0,3.131,0.244,4927.0,2.608,6.0,0.0,0.15,,,,,,,,,,32.416666666667,,,36.666666666667,,,,,9.166666666667,50.000000000000,,12.500000000000,,0.000000000000,0.000000000000,43.000000000000,10.750000000000,,,,,,,,,,,,,,,,,,,,,0.850916,0.841206,0.873053,,,0.864838,,,,,,,,,,,,,,,0.0,0.883421,0.878035,0.907656,0.0,0.0,0.859787,0.0,0.88286,0.875091,0.9079,0.0,0.0,0.829391,,,,,,,,,,,,,,,,,,,,,,,5.0,0.985777,0.895230,0.832678,0.0,5.0,0.906289,,,0.369,Not Available,0.0,,,Not Available,,0.906,Not Available,0.0,,,Not Available,,0.824,Not Available,0.0,,,Not Available,,0.71,Not Available,0.0,,,Not Available,,0.767,Not Available,0.0,,,Not Available,1.0,0.805,0.825,0.004,0.0,1.0,0.787,,,,,,,,,,,,,,,,,,,,,,,,,,,,,0.0,0.020408,0.021739,0.0,0.0,0.0,0.051282,10.0,0.964542,0.890059,0.709498,9.0,10.0,0.573996,3.0,51.45,54.44,62.44,3.0,25.21,0.0,54.74,8.0,65.6,72.26,79.0,8.0,40.05,7.0,77.29,0.0,63.37,71.61,73.66,0.0,43.43,0.0,62.14,4.0,80.44,83.94,88.51,4.0,57.39,0.0,83.56,2.0,78.52,80.77,86.68,2.0,55.27,0.0,79.92,0.0,86.6,90.87,91.63,0.0,62.25,0.0,85.56,25,18,4.0,70.23,79.26,84.58,4.0,37.67,0.0,76.25,4.0,65.08,69.7,80.35,4.0,38.4,0.0,70.71,,,,,,,,,7.5,,39.1,10.2,1.7,0.8,0.3,,,,,59.0,15927.0,18097.0,13975.0,47.0,22036.0,24283.0,20063.0,161.0,14800.0,16182.0,13424.0,,1.24,,,,10.6,14.5,15.6,,,0.28,0.11,,0.93,2.52,3.43,22.6,,1.3,,8.03,4.92,0.84,0.29,2.7,,,,,,,,,,,,,,,,,,81.0,43.0,100.0,111.0,,,,,,,,,,,,,,,15.0,532.0,100.0,104.0,100.0,145.0,,,,,,,,,,,97.0,659.0,,,,,,,95.0,279.0,,,,,,,,,,,1.0,14695.0,5.0,112.0,,,,,,,60.0,379.0,86.0,502.0,186.0,380.0,29.0,47.0,0.0,39.0,,,,,,,,,,,,,,,,,,,,,,,,,,,,,,,,,,,,,,,,,,,,,,,,,,,,,,,,,0.9849,15.8805,77.0,11.0,15.6413,0.9508,19.4442,81.0,12.0,18.4869,1.0551,4.3048,,,4.542,0.9935,14.8871,185.0,27.0,14.7904,,,,,,-1.0025,,,,,,,,,,,-0.8309,-0.8309,-1.0025,-0.9768,No,290,25,92.0,93.0,86.0,80.0,89.0,83.0,91.0,86.0,91.0,91.0,,79.0,4.0,17.0,,,,,,,,,,83.0,3.0,14.0,,,,,,,,,,67.0,8.0,25.0,,,,,,,64.0,16.0,20.0,,,,,,,11.0,89.0,,,,,43.0,3.0,54.0,,,,,,,,,,79.0,5.0,16.0,66.0,7.0,27.0,4.0,16.0,80.0,4.0,78.0,18.0,,,,4.0,4.0,3.0,3.0,4.0,4.0,4.0,4.0,4.0,4.0,4.0,,81.0,22.2,27.5,17.8,537.0,15.6,17.1,14.1,177.0,16.5,20.5,13.3,101.0,18.9,22.8,15.5,50.0,4.6,6.7,3.2,51.0,11.8,15.3,8.9,,,,,,,,,,,,,,,,,,,81.0,-1.7,25.4,-23.5,68.0,29.0,177.0,-4.4,14.1,-20.5,162.0,42.0,,,,179.0,17.0,24.4,11.9,,,,
24,170017,SUSAN B ALLEN MEMORIAL HOSPITAL,10,2018,,313.0,,0.0,0.187,,,,,,0.0,0.417,,834.0,,,,0.0,0.135,,5683.0,,0.911,3.0,3.294,0.232,5344.0,2.479,6.0,0.0,0.137,,,,,,,,,,32.416666666667,,,36.666666666667,,,,,9.166666666667,50.000000000000,,12.500000000000,,0.000000000000,0.000000000000,43.000000000000,10.750000000000,,,,,,,,,,,,,,,,,,,,,0.850916,0.841206,0.873053,,,0.864838,,,,,,,,,,,,,,,0.0,0.883421,0.878035,0.907656,0.0,0.0,0.859787,0.0,0.88286,0.875091,0.9079,0.0,0.0,0.829391,,,,,,,,,,,,,,,,,,,,,,,5.0,0.985777,0.895230,0.832678,0.0,5.0,0.906289,,,0.369,Not Available,0.0,,,Not Available,,0.906,Not Available,0.0,,,Not Available,,0.824,Not Available,0.0,,,Not Available,,0.71,Not Available,0.0,,,Not Available,,0.767,Not Available,0.0,,,Not Available,1.0,0.805,0.825,0.004,0.0,1.0,0.787,,,,,,,,,,,,,,,,,,,,,,,,,,,,,0.0,0.020408,0.021739,0.0,0.0,0.0,0.051282,10.0,0.964542,0.890059,0.709498,9.0,10.0,0.573996,3.0,51.45,54.44,62.44,3.0,25.21,0.0,54.74,8.0,65.6,72.26,79.0,8.0,40.05,7.0,77.29,0.0,63.37,71.61,73.66,0.0,43.43,0.0,62.14,4.0,80.44,83.94,88.51,4.0,57.39,0.0,83.56,2.0,78.52,80.77,86.68,2.0,55.27,0.0,79.92,0.0,86.6,90.87,91.63,0.0,62.25,0.0,85.56,25,18,4.0,70.23,79.26,84.58,4.0,37.67,0.0,76.25,4.0,65.08,69.7,80.35,4.0,38.4,0.0,70.71,,,,,,,,,7.5,,39.1,10.2,1.7,0.8,0.3,,,,,59.0,15927.0,18097.0,13975.0,47.0,22036.0,24283.0,20063.0,161.0,14800.0,16182.0,13424.0,,1.24,,,,10.6,14.5,15.6,,,0.28,0.11,,0.93,2.52,3.43,22.6,,1.3,,8.03,4.92,0.84,0.29,2.7,,,,,,,,,,,,,,,,,,82.0,57.0,99.0,113.0,,,,,,,,,,,,,,,15.0,532.0,100.0,104.0,100.0,145.0,,,,,,,,,,,99.0,683.0,,,,,,,95.0,279.0,,,,,,,,,,,1.0,14695.0,5.0,114.0,,,,,,,62.0,388.0,84.0,499.0,193.0,389.0,35.0,51.0,0.0,34.0,,,,,,,,,,,,,,,,,,,,,,,,,,,,,,,,,,,,,,,,,,,,,,,,,,,,,,,,,0.9849,15.8805,77.0,11.0,15.6413,0.9508,19.4442,81.0,12.0,18.4869,1.0551,4.3048,,,4.542,0.9935,14.8871,185.0,27.0,14.7904,,,,,,-1.0025,,,,,,,,,,,-0.8309,-0.8309,-1.0025,-0.9768,No,305,25,92.0,93.0,87.0,81.0,91.0,84.0,92.0,86.0,92.0,91.0,,81.0,3.0,16.0,,,,,,,,,,83.0,3.0,14.0,,,,,,,,,,67.0,7.0,26.0,,,,,,,66.0,14.0,20.0,,,,,,,9.0,91.0,,,,,42.0,3.0,55.0,,,,,,,,,,81.0,4.0,15.0,66.0,7.0,27.0,4.0,16.0,80.0,3.0,77.0,20.0,,,,3.0,4.0,4.0,4.0,5.0,4.0,4.0,4.0,4.0,4.0,4.0,,81.0,22.2,27.5,17.8,537.0,15.6,17.1,14.1,177.0,16.5,20.5,13.3,101.0,18.9,22.8,15.5,50.0,4.6,6.7,3.2,51.0,11.8,15.3,8.9,,,,,,,,,,,,,,,,,,,81.0,-1.7,25.4,-23.5,,,177.0,-4.4,14.1,-20.5,,,,,,179.0,17.0,24.4,11.9,,,,
25,170017,SUSAN B ALLEN MEMORIAL HOSPITAL,03,2019,,269.0,,0.0,0.162,,,,,,0.0,0.466,,927.0,,,,0.0,0.142,,5883.0,,2.138,6.0,2.806,0.867,5680.0,4.447,5.0,0.0,0.107,,,,,,,,,,42.25,,,55.000000000000,,,,,13.750000000000,40.000000000000,54.000000000000,10.000000000000,13.500000000000,20.000000000000,5.000000000000,,,,,,,,,,,,,,,4.0,0.032229,0.038101,0.023178,6.0,6.0,0.029000,,0.850671,Not Available,0.873263,,,Not Available,,,,,,,,,,,,,,,0.0,0.883472,0.884334,0.908094,0.0,0.0,0.856111,0.0,0.882334,0.876148,0.907906,0.0,0.0,0.813215,,,,,,,,,,,,,,,,,,,,,,,4.0,0.986935,0.947730,0.839602,1.0,4.0,0.929489,,,0.86,Not Available,0.0,,,Not Available,,0.822,Not Available,0.0,,,Not Available,,0.783,Not Available,0.0,,,Not Available,,0.762,Not Available,0.0,,,Not Available,,0.854,Not Available,0.0,,,Not Available,1.0,0.924,0.278,0.113,0.0,1.0,0.911,,,,,,,,,,,,,,,,,,,,,,,,,,,,,10.0,0.010038,0.020408,0.0,9.0,10.0,0.000000,,,,,,,,3.0,51.42,57.68,62.77,3.0,11.3,0.0,55.02,6.0,65.58,76.62,79.06,6.0,22.85,0.0,73.51,3.0,63.26,70.07,73.53,3.0,11.38,0.0,65.58,3.0,80.32,83.89,88.62,3.0,33.46,0.0,82.89,3.0,78.69,79.82,86.97,3.0,28.1,1.0,81.01,8.0,87.05,91.13,91.87,8.0,61.96,0.0,91.02,34,20,7.0,70.85,81.14,84.83,7.0,28.39,0.0,80.34,1.0,65.16,74.24,80.15,1.0,32.72,0.0,66.65,,,,,,,,,7.5,,39.1,10.2,1.7,0.8,0.3,,,,,59.0,15927.0,18097.0,13975.0,47.0,22036.0,24283.0,20063.0,161.0,14800.0,16182.0,13424.0,,1.24,,,,10.6,14.5,15.6,,,0.28,0.11,,0.93,2.52,3.43,22.6,,1.3,,8.03,4.92,0.84,0.29,2.7,,,,,,,,,,,,,,,,,,74.0,58.0,99.0,108.0,,,,,,,,,,,,,,,13.0,533.0,100.0,129.0,99.0,132.0,,,,,,,,,,,99.0,683.0,,,,0.0,,,94.0,299.0,,,,,,,,,,,1.0,14125.0,5.0,110.0,,,,,,,63.0,382.0,79.0,498.0,194.0,382.0,35.0,61.0,0.0,30.0,,,,,,,,,,,,,,,,,,,,,,,,,,,,,,,,,,,,,,,,,,,,,,,,,,,,,,,,,0.966,15.845,101.0,13.0,15.3059,0.997,18.577,82.0,15.0,18.5207,1.1284,4.4121,,,4.9785,0.9914,13.9592,177.0,24.0,13.8391,,,,,,0.2028,,,,,,,,,,,-0.412,-0.412,0.2028,0.1106,No,298,26,93.0,94.0,87.0,81.0,90.0,85.0,92.0,87.0,93.0,91.0,,82.0,3.0,15.0,,,,,,,,,,83.0,2.0,15.0,,,,,,,,,,67.0,6.0,27.0,,,,,,,67.0,15.0,18.0,,,,,,,10.0,90.0,,,,,39.0,3.0,58.0,,,,,,,,,,82.0,5.0,13.0,69.0,6.0,25.0,3.0,17.0,80.0,2.0,76.0,22.0,,,,4.0,4.0,4.0,3.0,4.0,4.0,4.0,4.0,5.0,4.0,4.0,,81.0,22.2,27.5,17.8,537.0,15.6,17.1,14.1,177.0,16.5,20.5,13.3,101.0,18.9,22.8,15.5,50.0,4.6,6.7,3.2,51.0,11.8,15.3,8.9,,,,,,,,,,,,,,,,,,,81.0,-1.7,25.4,-23.5,,,177.0,-4.4,14.1,-20.5,,,,,,208.0,14.6,20.5,10.5,,,,
26,170017,SUSAN B ALLEN MEMORIAL HOSPITAL,04,2019,,223.0,,0.0,0.136,,,,,,0.0,0.493,,979.0,,,,0.0,0.157,,6048.0,,2.382,7.0,2.939,1.042,5967.0,4.711,8.0,0.0,0.174,,,,,,,,,,42.25,,,55.000000000000,,,,,13.750000000000,40.000000000000,54.000000000000,10.000000000000,13.500000000000,20.000000000000,5.000000000000,,,,,,,,,,,,,,,4.0,0.032229,0.038101,0.023178,6.0,6.0,0.029000,,0.850671,Not Available,0.873263,,,Not Available,,,,,,,,,,,,,,,0.0,0.883472,0.884334,0.908094,0.0,0.0,0.856111,0.0,0.882334,0.876148,0.907906,0.0,0.0,0.813215,,,,,,,,,,,,,,,,,,,,,,,4.0,0.986935,0.947730,0.839602,1.0,4.0,0.929489,,,0.86,Not Available,0.0,,,Not Available,,0.822,Not Available,0.0,,,Not Available,,0.783,Not Available,0.0,,,Not Available,,0.762,Not Available,0.0,,,Not Available,,0.854,Not Available,0.0,,,Not Available,1.0,0.924,0.278,0.113,0.0,1.0,0.911,,,,,,,,,,,,,,,,,,,,,,,,,,,,,10.0,0.010038,0.020408,0.0,9.0,10.0,0.000000,,,,,,,,3.0,51.42,57.68,62.77,3.0,11.3,0.0,55.02,6.0,65.58,76.62,79.06,6.0,22.85,0.0,73.51,3.0,63.26,70.07,73.53,3.0,11.38,0.0,65.58,3.0,80.32,83.89,88.62,3.0,33.46,0.0,82.89,3.0,78.69,79.82,86.97,3.0,28.1,1.0,81.01,8.0,87.05,91.13,91.87,8.0,61.96,0.0,91.02,34,20,7.0,70.85,81.14,84.83,7.0,28.39,0.0,80.34,1.0,65.16,74.24,80.15,1.0,32.72,0.0,66.65,,,,,,,,,7.5,,39.1,10.2,1.7,0.8,0.3,,,,,59.0,15927.0,18097.0,13975.0,47.0,22036.0,24283.0,20063.0,161.0,14800.0,16182.0,13424.0,,1.24,,,,10.6,14.5,15.6,,,0.28,0.11,,0.93,2.52,3.43,22.6,,1.3,,8.03,4.92,0.84,0.29,2.7,,,,,,,,,,,,,,,,,,74.0,54.0,,,,,,,,,,,,,,,,,,,100.0,129.0,99.0,132.0,,,,,,,,,,,99.0,683.0,,,,0.0,,,94.0,299.0,,,,,,,,,,,1.0,14125.0,4.0,97.0,,,,,,,62.0,392.0,77.0,505.0,200.0,392.0,,,0.0,22.0,,,,,,,,,,,,,,,,,,,,,,,,,,,,,,,,,,,,,,,,,,,,,,,,,,,,,,,,,0.966,15.845,101.0,13.0,15.3059,0.997,18.577,82.0,15.0,18.5207,1.1284,4.4121,,,4.9785,0.9914,13.9592,177.0,24.0,13.8391,,,,,,0.2028,,,,,,,,,,,-0.412,-0.412,0.2028,0.1106,No,303,27,93.0,94.0,87.0,80.0,90.0,84.0,92.0,86.0,92.0,91.0,,82.0,3.0,15.0,,,,,,,,,,84.0,2.0,14.0,,,,,,,,,,67.0,6.0,27.0,,,,,,,65.0,17.0,18.0,,,,,,,10.0,90.0,,,,,41.0,3.0,56.0,,,,,,,,,,82.0,6.0,12.0,66.0,6.0,28.0,4.0,20.0,76.0,2.0,74.0,24.0,,,,4.0,4.0,4.0,3.0,4.0,4.0,4.0,4.0,4.0,4.0,4.0,,81.0,22.2,27.5,17.8,537.0,15.6,17.1,14.1,177.0,16.5,20.5,13.3,101.0,18.9,22.8,15.5,50.0,4.6,6.7,3.2,51.0,11.8,15.3,8.9,,,,,,,,,,,,,,,,,,,81.0,-1.7,25.4,-23.5,,,177.0,-4.4,14.1,-20.5,,,,,,208.0,14.6,20.5,10.5,,,,
27,170017,SUSAN B ALLEN MEMORIAL HOSPITAL,07,2019,,221.0,,0.0,0.134,,,,,,0.0,0.475,,943.0,,,,0.0,0.148,,6520.0,,1.762,6.0,3.406,0.714,6520.0,3.664,10.0,0.0,0.195,,,,,,,,,,42.25,,,55.000000000000,,,,,13.750000000000,40.000000000000,54.000000000000,10.000000000000,13.500000000000,20.000000000000,5.000000000000,,,,,,,,,,,,,,,4.0,0.032229,0.038101,0.023178,6.0,6.0,0.029000,,0.850671,Not Available,0.873263,,,Not Available,,,,,,,,,,,,,,,0.0,0.883472,0.884334,0.908094,0.0,0.0,0.856111,0.0,0.882334,0.876148,0.907906,0.0,0.0,0.813215,,,,,,,,,,,,,,,,,,,,,,,4.0,0.986935,0.947730,0.839602,1.0,4.0,0.929489,,,0.86,Not Available,0.0,,,Not Available,,0.822,Not Available,0.0,,,Not Available,,0.783,Not Available,0.0,,,Not Available,,0.762,Not Available,0.0,,,Not Available,,0.854,Not Available,0.0,,,Not Available,1.0,0.924,0.278,0.113,0.0,1.0,0.911,,,,,,,,,,,,,,,,,,,,,,,,,,,,,10.0,0.010038,0.020408,0.0,9.0,10.0,0.000000,,,,,,,,3.0,51.42,57.68,62.77,3.0,11.3,0.0,55.02,6.0,65.58,76.62,79.06,6.0,22.85,0.0,73.51,3.0,63.26,70.07,73.53,3.0,11.38,0.0,65.58,3.0,80.32,83.89,88.62,3.0,33.46,0.0,82.89,3.0,78.69,79.82,86.97,3.0,28.1,1.0,81.01,8.0,87.05,91.13,91.87,8.0,61.96,0.0,91.02,34,20,7.0,70.85,81.14,84.83,7.0,28.39,0.0,80.34,1.0,65.16,74.24,80.15,1.0,32.72,0.0,66.65,,,,,,,,,7.4,,33.3,14.6,1.8,0.8,0.3,,,,,69.0,16098.0,18273.0,14123.0,53.0,21042.0,23031.0,19162.0,151.0,15012.0,16364.0,13545.0,,1.21,,,,10.5,14.1,14.4,,,0.26,0.15,,0.91,2.45,3.3,22.2,,1.33,,7.25,4.73,0.94,0.34,3.2,,,,,,,,,,,,,,,,,,67.0,48.0,,,,,,,,,,,,,,,,,,,100.0,129.0,99.0,132.0,,,,,,,,,,,99.0,683.0,,,,,,,94.0,299.0,,,,,,,,,,,1.0,14125.0,3.0,90.0,,,,,,,62.0,405.0,77.0,495.0,200.0,405.0,,,0.0,24.0,,,,,,,,,,,,,,,,,,,,,,,,,,,,,,,,,,,,,,,,,,,,,,,,,,,,,,,,,0.966,15.845,101.0,13.0,15.3059,0.997,18.577,82.0,15.0,18.5207,1.1284,4.4121,,,4.9785,0.9914,13.9592,177.0,24.0,13.8391,,,,,,0.2028,,,,,,,,,,,-0.412,-0.412,0.2028,0.1106,No,287,27,93.0,94.0,87.0,78.0,89.0,84.0,94.0,87.0,92.0,91.0,,81.0,3.0,16.0,87.0,2.0,11.0,79.0,3.0,18.0,76.0,4.0,20.0,84.0,2.0,14.0,91.0,2.0,7.0,81.0,2.0,17.0,79.0,3.0,18.0,67.0,6.0,27.0,65.0,7.0,28.0,70.0,6.0,24.0,63.0,19.0,18.0,74.0,8.0,18.0,52.0,30.0,18.0,11.0,89.0,11.0,89.0,11.0,89.0,40.0,4.0,56.0,46.0,5.0,49.0,37.0,4.0,59.0,38.0,2.0,60.0,85.0,4.0,11.0,66.0,5.0,29.0,3.0,19.0,78.0,2.0,75.0,23.0,,,,4.0,4.0,4.0,3.0,4.0,4.0,4.0,4.0,4.0,4.0,4.0,,93.0,22.4,27.1,18.2,503.0,15.9,17.2,14.5,163.0,16.2,19.7,13.1,117.0,18.0,21.6,14.8,54.0,4.6,6.7,3.0,,,,,,,,,,,,,,,,,,,,,,,93.0,-4.0,23.8,-26.3,,,163.0,0.0,22.4,-17.4,,,,,,208.0,14.6,20.5,10.5,,,,
28,170017,SUSAN B ALLEN MEMORIAL HOSPITAL,10,2019,,166.0,,0.0,0.102,,,,,,0.0,0.484,,957.0,,,,0.0,0.146,,6453.0,,1.308,6.0,4.587,0.53,6453.0,2.721,10.0,0.0,0.195,,,,,,,,,,42.25,,,55.000000000000,,,,,13.750000000000,40.000000000000,54.000000000000,10.000000000000,13.500000000000,20.000000000000,5.000000000000,,,,,,,,,,,,,,,4.0,0.032229,0.038101,0.023178,6.0,6.0,0.029000,,0.850671,Not Available,0.873263,,,Not Available,,,,,,,,,,,,,,,0.0,0.883472,0.884334,0.908094,0.0,0.0,0.856111,0.0,0.882334,0.876148,0.907906,0.0,0.0,0.813215,,,,,,,,,,,,,,,,,,,,,,,4.0,0.986935,0.947730,0.839602,1.0,4.0,0.929489,,,0.86,Not Available,0.0,,,Not Available,,0.822,Not Available,0.0,,,Not Available,,0.783,Not Available,0.0,,,Not Available,,0.762,Not Available,0.0,,,Not Available,,0.854,Not Available,0.0,,,Not Available,1.0,0.924,0.278,0.113,0.0,1.0,0.911,,,,,,,,,,,,,,,,,,,,,,,,,,,,,10.0,0.010038,0.020408,0.0,9.0,10.0,0.000000,,,,,,,,3.0,51.42,57.68,62.77,3.0,11.3,0.0,55.02,6.0,65.58,76.62,79.06,6.0,22.85,0.0,73.51,3.0,63.26,70.07,73.53,3.0,11.38,0.0,65.58,3.0,80.32,83.89,88.62,3.0,33.46,0.0,82.89,3.0,78.69,79.82,86.97,3.0,28.1,1.0,81.01,8.0,87.05,91.13,91.87,8.0,61.96,0.0,91.02,34,20,7.0,70.85,81.14,84.83,7.0,28.39,0.0,80.34,1.0,65.16,74.24,80.15,1.0,32.72,0.0,66.65,,,,,,,,,7.4,,33.3,14.6,1.8,0.8,0.3,,,,,69.0,16098.0,18273.0,14123.0,53.0,21042.0,23031.0,19162.0,151.0,15012.0,16364.0,13545.0,,1.21,,,,10.5,14.1,14.4,,,0.26,0.15,,0.91,2.45,3.3,22.2,,1.33,,7.25,4.73,0.94,0.34,3.2,,,,,,,,,,,,,,,,,,67.0,49.0,,,,,,,,,,,,,,,,,,,100.0,129.0,99.0,132.0,,,,,,,,,,,99.0,614.0,,,,,,,94.0,299.0,,,,,,,,,,,1.0,14125.0,3.0,75.0,,,,,163.0,11.0,60.0,401.0,82.0,493.0,192.0,401.0,,,0.0,25.0,,,,,,,,,,,,,,,,,,,,,,,,,,,,,,,,,,,,,,,,,,,,,,,,,,,,,,,,,0.966,15.845,101.0,13.0,15.3059,0.997,18.577,82.0,15.0,18.5207,1.1284,4.4121,,,4.9785,0.9914,13.9592,177.0,24.0,13.8391,,,,,,0.2028,,,,,,,,,,,-0.412,-0.412,0.2028,0.1106,No,297,28,92.0,93.0,87.0,75.0,87.0,82.0,92.0,87.0,91.0,90.0,,79.0,3.0,18.0,87.0,1.0,12.0,77.0,3.0,20.0,72.0,4.0,24.0,82.0,2.0,16.0,89.0,2.0,9.0,79.0,2.0,19.0,77.0,3.0,20.0,68.0,6.0,26.0,66.0,6.0,28.0,70.0,5.0,25.0,59.0,22.0,19.0,68.0,11.0,21.0,49.0,34.0,17.0,13.0,87.0,12.0,88.0,13.0,87.0,44.0,4.0,52.0,48.0,5.0,47.0,41.0,5.0,54.0,42.0,3.0,55.0,83.0,6.0,11.0,65.0,4.0,31.0,4.0,20.0,76.0,3.0,74.0,23.0,,,,4.0,4.0,4.0,2.0,3.0,3.0,4.0,4.0,4.0,4.0,4.0,,93.0,22.4,27.1,18.2,503.0,15.9,17.2,14.5,163.0,16.2,19.7,13.1,117.0,18.0,21.6,14.8,54.0,4.6,6.7,3.0,,,,,,,,,,,,,,,,,,,,,,,93.0,-4.0,23.8,-26.3,,,163.0,0.0,22.4,-17.4,,,,,,208.0,14.6,20.5,10.5,,,,
29,170017,SUSAN B ALLEN MEMORIAL HOSPITAL,01,2020,,209.0,,0.0,0.126,,,,,,0.0,0.44,,874.0,,,,0.0,0.139,,6236.0,,0.772,4.0,5.179,0.245,6236.0,1.863,12.0,0.0,0.249,,,,,,,,,,27.666666666667,16.666666666667,,50.000000000000,,,4.166666666667,,12.500000000000,10.0,34.000000000000,2.5,8.500000000000,,,,,,,,,,,,,,,,,3.0,0.032229,0.038101,0.023178,5.0,5.0,0.029362,,0.853715,Not Available,0.875869,,,Not Available,,,,,,,,,,,,,,,0.0,0.88109,0.894454,0.906068,0.0,0.0,0.858993,0.0,0.882266,0.865229,0.909532,0.0,0.0,0.820525,,,,,,,,,,,,,,,,,,,,,,,1.0,0.987067,0.906289,0.844147,0.0,1.0,0.986376,,,0.784,Not Available,0.0,,,Not Available,,0.828,Not Available,0.0,,,Not Available,,0.781,Not Available,0.0,,,Not Available,,0.722,Not Available,0.0,,,Not Available,,0.815,Not Available,0.0,,,Not Available,0.0,0.852,0.848,0.091,0.0,0.0,1.308,,,,,,,,,,,,,,,,,,,,,,,,,,,,,10.0,0.0,0.051282,0.0,9.0,10.0,0.000000,,,,,,,,1.0,51.14,54.74,62.5,1.0,20.33,0.0,51.98,6.0,65.72,77.29,79.42,6.0,41.92,0.0,73.78,0.0,63.3,62.14,73.86,0.0,26.16,0.0,58.64,2.0,80.41,83.56,88.44,2.0,50.67,0.0,82.06,0.0,79.08,79.92,87.12,0.0,51.8,0.0,78.93,0.0,87.44,85.56,92.11,2.0,66.72,2.0,87.09,17,17,4.0,71.59,76.25,85.12,4.0,32.47,0.0,76.34,2.0,65.07,70.71,80.14,2.0,35.74,0.0,68.13,,,,,,,,,7.4,,33.3,14.6,1.8,0.8,0.3,,,,,69.0,16098.0,18273.0,14123.0,53.0,21042.0,23031.0,19162.0,151.0,15012.0,16364.0,13545.0,,1.21,,,,10.5,14.1,14.4,,,0.26,0.15,,0.91,2.45,3.3,22.2,,1.33,,7.25,4.73,0.94,0.34,3.2,,,,,,,,,,,,,,,,,,78.0,45.0,,,,,,,,,,,,,,,,,,,100.0,98.0,99.0,149.0,,,,,,,,,,,99.0,614.0,,,,,,,,,,,,,,,,,,,1.0,15867.0,4.0,75.0,,,,,,,60.0,413.0,92.0,497.0,,,,,4.0,27.0,,,,,,,,,,,,,,,,,,,92.0,13.0,,,100.0,14.0,100.0,12.0,,,,,,,,,,,,,,,,,,,,,,,,,,,,,,,0.9252,16.2824,117.0,12.0,15.0645,1.0223,18.4285,94.0,19.0,18.8399,1.1473,3.8812,,,4.4528,0.9759,13.5398,163.0,20.0,13.2137,,,,,,1.2918,,,,,,,,,,,-0.5556,,,0.3681,Yes,298,29,92.0,93.0,88.0,76.0,89.0,81.0,92.0,87.0,90.0,89.0,,79.0,3.0,18.0,88.0,1.0,11.0,75.0,3.0,22.0,73.0,4.0,23.0,82.0,3.0,15.0,90.0,3.0,7.0,78.0,3.0,19.0,78.0,3.0,19.0,69.0,5.0,26.0,66.0,6.0,28.0,72.0,3.0,25.0,58.0,21.0,21.0,66.0,11.0,23.0,50.0,31.0,19.0,11.0,89.0,11.0,89.0,12.0,88.0,44.0,5.0,51.0,46.0,6.0,48.0,44.0,4.0,52.0,41.0,4.0,55.0,82.0,6.0,12.0,65.0,4.0,31.0,5.0,20.0,75.0,4.0,73.0,23.0,,,,4.0,4.0,4.0,3.0,4.0,3.0,4.0,4.0,4.0,3.0,4.0,,93.0,22.4,27.1,18.2,503.0,15.9,17.2,14.5,163.0,16.2,19.7,13.1,117.0,18.0,21.6,14.8,54.0,4.6,6.7,3.0,,,,,,,,,,,,,,,,,,,,,,,93.0,-4.0,23.8,-26.3,,,163.0,0.0,22.4,-17.4,,,,,,555.0,16.4,22.3,12.0,81.0,1.0,1.5,0.7
30,170017,SUSAN B ALLEN MEMORIAL HOSPITAL,04,2020,,214.0,,0.0,0.128,,,,,,0.0,0.42,,837.0,,,,0.0,0.131,,6107.0,,0.952,5.0,5.25,0.349,6107.0,2.111,10.0,0.0,0.2,,,,,,,,,,27.666666666667,16.666666666667,,50.000000000000,,,4.166666666667,,12.500000000000,10.0,34.000000000000,2.5,8.500000000000,,,,,,,,,,,,,,,,,3.0,0.032229,0.038101,0.023178,5.0,5.0,0.029362,,0.853715,Not Available,0.875869,,,Not Available,,,,,,,,,,,,,,,0.0,0.88109,0.894454,0.906068,0.0,0.0,0.858993,0.0,0.882266,0.865229,0.909532,0.0,0.0,0.820525,,,,,,,,,,,,,,,,,,,,,,,1.0,0.987067,0.906289,0.844147,0.0,1.0,0.986376,,,0.784,Not Available,0.0,,,Not Available,,0.828,Not Available,0.0,,,Not Available,,0.781,Not Available,0.0,,,Not Available,,0.722,Not Available,0.0,,,Not Available,,0.815,Not Available,0.0,,,Not Available,0.0,0.852,0.848,0.091,0.0,0.0,1.308,,,,,,,,,,,,,,,,,,,,,,,,,,,,,10.0,0.0,0.051282,0.0,9.0,10.0,0.000000,,,,,,,,1.0,51.14,54.74,62.5,1.0,20.33,0.0,51.98,6.0,65.72,77.29,79.42,6.0,41.92,0.0,73.78,0.0,63.3,62.14,73.86,0.0,26.16,0.0,58.64,2.0,80.41,83.56,88.44,2.0,50.67,0.0,82.06,0.0,79.08,79.92,87.12,0.0,51.8,0.0,78.93,0.0,87.44,85.56,92.11,2.0,66.72,2.0,87.09,17,17,4.0,71.59,76.25,85.12,4.0,32.47,0.0,76.34,2.0,65.07,70.71,80.14,2.0,35.74,0.0,68.13,,,,,,,,,7.4,,33.3,14.6,1.8,0.8,0.3,,,,,69.0,16098.0,18273.0,14123.0,53.0,21042.0,23031.0,19162.0,151.0,15012.0,16364.0,13545.0,,1.21,,,,10.5,14.1,14.4,,,0.26,0.15,,0.91,2.45,3.3,22.2,,1.33,,7.25,4.73,0.94,0.34,3.2,,,,,,,,,,,,,,,,,,79.0,48.0,,,,,,,,,,,,,,,,,,,100.0,98.0,99.0,149.0,,,,,,,,,,,99.0,614.0,,,,,,,,,,,,,,,,,,,1.0,15867.0,,,,,,,163.0,13.0,60.0,400.0,98.0,492.0,,,,,3.0,34.0,,,,,,,,,,,,,,,,,,,88.0,25.0,,,100.0,26.0,100.0,22.0,,,,,,,,,,,,,,,,,,,,,,,,,,,,,,,0.9252,16.2824,117.0,12.0,15.0645,1.0223,18.4285,94.0,19.0,18.8399,1.1473,3.8812,,,4.4528,0.9759,13.5398,163.0,20.0,13.2137,,,,,,1.2918,,,,,,,,,,,-0.5556,,,0.3681,Yes,288,28,92.0,92.0,87.0,75.0,88.0,80.0,92.0,87.0,90.0,89.0,,79.0,3.0,18.0,88.0,2.0,10.0,75.0,4.0,21.0,74.0,4.0,22.0,80.0,3.0,17.0,87.0,3.0,10.0,78.0,3.0,19.0,75.0,4.0,21.0,67.0,4.0,29.0,63.0,5.0,32.0,71.0,3.0,26.0,58.0,22.0,20.0,67.0,10.0,23.0,49.0,33.0,18.0,12.0,88.0,12.0,88.0,13.0,87.0,44.0,6.0,50.0,47.0,7.0,46.0,46.0,5.0,49.0,38.0,6.0,56.0,82.0,5.0,13.0,66.0,4.0,30.0,5.0,20.0,75.0,4.0,72.0,24.0,,,,4.0,3.0,4.0,2.0,3.0,2.0,4.0,4.0,4.0,3.0,3.0,,93.0,22.4,27.1,18.2,503.0,15.9,17.2,14.5,163.0,16.2,19.7,13.1,117.0,18.0,21.6,14.8,54.0,4.6,6.7,3.0,,,,,,,,,,,,,,,,,,,,,,,93.0,-4.0,23.8,-26.3,76.0,32.0,163.0,0.0,22.4,-17.4,153.0,37.0,,,,555.0,16.4,22.3,12.0,81.0,1.0,1.5,0.7
31,170017,SUSAN B ALLEN MEMORIAL HOSPITAL,07,2020,,237.0,,1.0,0.141,,,,,,0.0,0.399,,794.0,,,,0.0,0.137,,5926.0,,1.218,6.0,4.925,0.494,5926.0,2.534,10.0,0.0,0.222,,,,,,,,,,27.666666666667,16.666666666667,,50.000000000000,,,4.166666666667,,12.500000000000,10.0,34.000000000000,2.5,8.500000000000,,,,,,,,,,,,,,,,,3.0,0.032229,0.038101,0.023178,5.0,5.0,0.029362,,0.853715,Not Available,0.875869,,,Not Available,,,,,,,,,,,,,,,0.0,0.88109,0.894454,0.906068,0.0,0.0,0.858993,0.0,0.882266,0.865229,0.909532,0.0,0.0,0.820525,,,,,,,,,,,,,,,,,,,,,,,1.0,0.987067,0.906289,0.844147,0.0,1.0,0.986376,,,0.784,Not Available,0.0,,,Not Available,,0.828,Not Available,0.0,,,Not Available,,0.781,Not Available,0.0,,,Not Available,,0.722,Not Available,0.0,,,Not Available,,0.815,Not Available,0.0,,,Not Available,0.0,0.852,0.848,0.091,0.0,0.0,1.308,,,,,,,,,,,,,,,,,,,,,,,,,,,,,10.0,0.0,0.051282,0.0,9.0,10.0,0.000000,,,,,,,,1.0,51.14,54.74,62.5,1.0,20.33,0.0,51.98,6.0,65.72,77.29,79.42,6.0,41.92,0.0,73.78,0.0,63.3,62.14,73.86,0.0,26.16,0.0,58.64,2.0,80.41,83.56,88.44,2.0,50.67,0.0,82.06,0.0,79.08,79.92,87.12,0.0,51.8,0.0,78.93,0.0,87.44,85.56,92.11,2.0,66.72,2.0,87.09,17,17,4.0,71.59,76.25,85.12,4.0,32.47,0.0,76.34,2.0,65.07,70.71,80.14,2.0,35.74,0.0,68.13,,,,,,,,,4.8,,45.1,,1.3,,,,,,,69.0,15901.0,17903.0,14066.0,45.0,20483.0,22545.0,18679.0,155.0,15963.0,17497.0,14475.0,,1.21,,,,10.5,12.7,15.9,,,0.3,0.12,,0.92,2.43,3.85,19.2,,1.33,,5.28,4.53,0.91,0.41,2.7,,,,,,,,,,,,,,,,,,79.0,62.0,,,,,,,,,,,,,,,,,,,100.0,98.0,99.0,149.0,,,,,,,,,,,99.0,614.0,,,,,,,,,,,,,,,,,,,1.0,15867.0,,,,,,,223.0,17.0,60.0,377.0,101.0,495.0,,,,,7.0,28.0,,,,,,,,,,,,,,,,,,,85.0,46.0,,,98.0,48.0,100.0,42.0,,,,,,,,,,,,,,,,,,,,,,,,,,,,,,,0.9252,16.2824,117.0,12.0,15.0645,1.0223,18.4285,94.0,19.0,18.8399,1.1473,3.8812,,,4.4528,0.9759,13.5398,163.0,20.0,13.2137,,,,,,1.2918,,,,,,,,,,,-0.5556,,,0.3681,Yes,291,27,92.0,92.0,85.0,77.0,88.0,81.0,92.0,86.0,89.0,88.0,,79.0,3.0,18.0,88.0,3.0,9.0,73.0,3.0,24.0,76.0,3.0,21.0,81.0,3.0,16.0,89.0,3.0,8.0,79.0,4.0,17.0,76.0,4.0,20.0,65.0,7.0,28.0,62.0,6.0,32.0,68.0,7.0,25.0,60.0,20.0,20.0,71.0,12.0,17.0,50.0,29.0,21.0,12.0,88.0,12.0,88.0,13.0,87.0,45.0,5.0,50.0,47.0,6.0,47.0,47.0,4.0,49.0,39.0,6.0,55.0,80.0,4.0,16.0,65.0,6.0,29.0,5.0,21.0,74.0,4.0,69.0,27.0,,,,4.0,3.0,3.0,3.0,3.0,3.0,4.0,4.0,3.0,3.0,3.0,,83.0,22.0,26.7,18.1,471.0,16.4,18.1,14.9,164.0,17.7,21.4,14.6,120.0,18.2,21.8,15.2,51.0,4.4,6.6,3.0,,,,,,,,,,,,,,,,,,,,,,,83.0,-10.7,16.2,-33.4,68.0,22.0,164.0,17.8,40.0,-2.0,149.0,47.0,,,,555.0,16.4,22.3,12.0,81.0,1.0,1.5,0.7
32,170017,SUSAN B ALLEN MEMORIAL HOSPITAL,10,2020,,225.0,,1.0,0.134,,,,,,0.0,0.331,,657.0,,,,0.0,0.122,,5337.0,,1.097,4.0,3.646,0.349,5337.0,2.646,8.0,0.0,0.175,,,,,,,,,,27.666666666667,16.666666666667,,50.000000000000,,,4.166666666667,,12.500000000000,10.0,34.000000000000,2.5,8.500000000000,,,,,,,,,,,,,,,,,3.0,0.032229,0.038101,0.023178,5.0,5.0,0.029362,,0.853715,Not Available,0.875869,,,Not Available,,,,,,,,,,,,,,,0.0,0.88109,0.894454,0.906068,0.0,0.0,0.858993,0.0,0.882266,0.865229,0.909532,0.0,0.0,0.820525,,,,,,,,,,,,,,,,,,,,,,,1.0,0.987067,0.906289,0.844147,0.0,1.0,0.986376,,,,,,,,,,,,,,,,,,,,,,,,,,,,,,,,,,,,,,,,,,,,3.0,0.032229,0.038101,0.023178,5.0,5.0,0.029362,,0.853715,Not Available,0.875869,,,Not Available,0.0,0.88109,0.894454,0.906068,0.0,0.0,0.858993,0.0,0.882266,0.865229,0.909532,0.0,0.0,0.820525,,,,,,,,,,,,,,,1.0,51.14,54.74,62.5,1.0,20.33,0.0,51.98,6.0,65.72,77.29,79.42,6.0,41.92,0.0,73.78,0.0,63.3,62.14,73.86,0.0,26.16,0.0,58.64,2.0,80.41,83.56,88.44,2.0,50.67,0.0,82.06,0.0,79.08,79.92,87.12,0.0,51.8,0.0,78.93,0.0,87.44,85.56,92.11,2.0,66.72,2.0,87.09,17,17,4.0,71.59,76.25,85.12,4.0,32.47,0.0,76.34,2.0,65.07,70.71,80.14,2.0,35.74,0.0,68.13,,,,,,,,,4.8,,45.1,,1.3,,,,,,,69.0,15901.0,17903.0,14066.0,45.0,20483.0,22545.0,18679.0,155.0,15963.0,17497.0,14475.0,,1.21,,,,10.5,12.7,15.9,,,0.3,0.12,,0.92,2.43,3.85,19.2,,1.33,,5.28,4.53,0.91,0.41,2.7,,,,,,,,,,,,,,,,,,78.0,58.0,,,,,,,,,,,,,,,,,,,100.0,98.0,99.0,149.0,,,,,,,,,,,99.0,476.0,,,,,,,,,,,,,,,,,,,1.0,15867.0,,,,,,,202.0,16.0,57.0,373.0,102.0,495.0,,,,,6.0,32.0,,,,,,,,,,,,,,,,,,,86.0,56.0,,,97.0,59.0,100.0,49.0,,,,,,,,,,,,,,,,,,,,,,,,,,,,,,,0.9252,16.2824,117.0,12.0,15.0645,1.0223,18.4285,94.0,19.0,18.8399,1.1473,3.8812,,,4.4528,0.9759,13.5398,163.0,20.0,13.2137,,,,,,1.2918,,,,,,,,,,,-0.5556,,,0.3681,Yes,260,26,91.0,91.0,84.0,78.0,88.0,82.0,92.0,84.0,88.0,88.0,,79.0,4.0,17.0,87.0,3.0,10.0,74.0,4.0,22.0,75.0,4.0,21.0,80.0,4.0,16.0,87.0,3.0,10.0,77.0,4.0,19.0,77.0,5.0,18.0,61.0,8.0,31.0,58.0,8.0,34.0,64.0,8.0,28.0,63.0,20.0,17.0,75.0,9.0,16.0,50.0,30.0,20.0,12.0,88.0,12.0,88.0,12.0,88.0,43.0,5.0,52.0,47.0,6.0,47.0,45.0,4.0,51.0,37.0,4.0,59.0,80.0,3.0,17.0,62.0,8.0,30.0,6.0,21.0,73.0,4.0,69.0,27.0,,,,3.0,3.0,3.0,3.0,3.0,3.0,4.0,4.0,3.0,3.0,3.0,,83.0,22.0,26.7,18.1,471.0,16.4,18.1,14.9,164.0,17.7,21.4,14.6,120.0,18.2,21.8,15.2,51.0,4.4,6.6,3.0,,,,,,,,,,,,,,,,,,,,,,,83.0,-10.7,16.2,-33.4,68.0,22.0,164.0,17.8,40.0,-2.0,149.0,47.0,,,,555.0,16.4,22.3,12.0,81.0,1.0,1.5,0.7
33,170017,SUSAN B ALLEN MEMORIAL HOSPITAL,01,2021,,225.0,,1.0,0.134,,,,,,0.0,0.331,,657.0,,,,0.0,0.122,,5337.0,,1.097,4.0,3.646,0.349,5337.0,2.646,8.0,0.0,0.175,,,,,,,,,,25.0,30.000000000000,,Not Available,,,10.000000000000,,Not Available,20.000000000000,25.000000000000,6.666666666667,8.333333333333,,,,,,,,,,,,,,,,,5.0,0.031157,0.033999,0.022418,6.0,6.0,0.026663,,0.860355,Not Available,0.879714,,,Not Available,,,,,,,,0.0,0.923253,0.899508,0.938664,0.0,0.0,0.890653,0.0,0.883803,0.893631,0.906144,0.0,0.0,0.850703,0.0,0.836122,0.776276,0.870506,6.0,6.0,0.832942,,,,,,,,,,,,,,,,,,,,,,,2.0,0.987266,0.929489,0.852083,0.0,2.0,0.967290,,,0.687,Not Available,0.0,,,Not Available,,0.774,Not Available,0.0,,,Not Available,,0.754,Not Available,0.0,,,Not Available,,0.726,Not Available,0.0,,,Not Available,,0.763,Not Available,0.0,,,Not Available,0.0,0.748,0.911,0.067,0.0,0.0,1.097,,,,,,,,,,,,,,,,,,,,,,,,,,,,,,,,,,,,,,,,,,,1.0,51.87,55.02,63.32,1.0,6.53,0.0,52.3709,4.0,65.61,73.51,79.58,4.0,30.6,0.0,70.9312,0.0,63.83,65.58,74.75,0.0,33.19,0.0,62.6201,1.0,79.91,82.89,88.1,1.0,41.99,0.0,80.0474,0.0,79.06,81.01,87.36,0.0,42.06,0.0,78.7883,2.0,87.38,91.02,92.17,2.0,66.94,0.0,88.0931,9,16,1.0,71.8,80.34,85.67,1.0,34.7,0.0,73.0374,0.0,65.77,66.65,81.0,0.0,33.89,0.0,60.9571,,,,,,,,,4.8,,45.1,,1.3,,,,,,,69.0,15901.0,17903.0,14066.0,45.0,20483.0,22545.0,18679.0,155.0,15963.0,17497.0,14475.0,,1.21,,,,10.5,12.7,15.9,,,0.3,0.12,,0.92,2.43,3.85,19.2,,1.33,,5.28,4.53,0.91,0.41,2.7,,,,,,,,,,,,,,,,,,78.0,58.0,,,,,,,,,,,,,,,,,,,100.0,83.0,,,,,,,,,,,,,99.0,476.0,,,,,,,,,,,,,,,,,,,1.0,11974.0,,,,,,,202.0,16.0,,,102.0,495.0,,,,,6.0,32.0,,,,,,,,,,,,,,,,,,,86.0,56.0,,,97.0,59.0,100.0,49.0,,,,,,,,,,,,,,,,,,,,,,,,,,,,,,,0.9331,16.7425,120.0,13.0,15.6216,0.99,18.7927,84.0,15.0,18.605,1.1182,3.4204,,,3.8248,1.0517,14.2543,164.0,28.0,14.9915,,,,,,1.9726,,,,,,,,,,,-0.4541,,,0.7593,Yes,260,26,91.0,91.0,84.0,78.0,88.0,82.0,92.0,84.0,88.0,88.0,,79.0,4.0,17.0,87.0,3.0,10.0,74.0,4.0,22.0,75.0,4.0,21.0,80.0,4.0,16.0,87.0,3.0,10.0,77.0,4.0,19.0,77.0,5.0,18.0,61.0,8.0,31.0,58.0,8.0,34.0,64.0,8.0,28.0,63.0,20.0,17.0,75.0,9.0,16.0,50.0,30.0,20.0,12.0,88.0,12.0,88.0,12.0,88.0,43.0,5.0,52.0,47.0,6.0,47.0,45.0,4.0,51.0,37.0,4.0,59.0,80.0,3.0,17.0,62.0,8.0,30.0,6.0,21.0,73.0,4.0,69.0,27.0,,,,3.0,3.0,3.0,3.0,3.0,3.0,4.0,4.0,3.0,3.0,3.0,,83.0,22.0,26.7,18.1,471.0,16.4,18.1,14.9,164.0,17.7,21.4,14.6,120.0,18.2,21.8,15.2,51.0,4.4,6.6,3.0,,,,,,,,,,,,,,,,,,,,,,,83.0,-10.7,16.2,-33.4,68.0,22.0,164.0,17.8,40.0,-2.0,149.0,47.0,,,,561.0,15.4,20.5,11.5,82.0,1.1,1.7,0.7
34,170017,SUSAN B ALLEN MEMORIAL HOSPITAL,03,2021,,225.0,,1.0,0.134,,,,,,0.0,0.331,,657.0,,,,0.0,0.122,,5337.0,,1.097,4.0,3.646,0.349,5337.0,2.646,8.0,0.0,0.175,,,,,,,,,,25.0,30.000000000000,,Not Available,,,10.000000000000,,Not Available,20.000000000000,25.000000000000,6.666666666667,8.333333333333,,,,,,,,,,,,,,,,,5.0,0.031157,0.033999,0.022418,6.0,6.0,0.026663,,0.860355,Not Available,0.879714,,,Not Available,,,,,,,,0.0,0.923253,0.899508,0.938664,0.0,0.0,0.890653,0.0,0.883803,0.893631,0.906144,0.0,0.0,0.850703,0.0,0.836122,0.776276,0.870506,6.0,6.0,0.832942,,,,,,,,,,,,,,,,,,,,,,,2.0,0.987266,0.929489,0.852083,0.0,2.0,0.967290,,,0.687,Not Available,0.0,,,Not Available,,0.774,Not Available,0.0,,,Not Available,,0.754,Not Available,0.0,,,Not Available,,0.726,Not Available,0.0,,,Not Available,,0.763,Not Available,0.0,,,Not Available,0.0,0.748,0.911,0.067,0.0,0.0,1.097,,,,,,,,,,,,,,,,,,,,,,,,,,,,,,,,,,,,,,,,,,,1.0,51.87,55.02,63.32,1.0,6.53,0.0,52.3709,4.0,65.61,73.51,79.58,4.0,30.6,0.0,70.9312,0.0,63.83,65.58,74.75,0.0,33.19,0.0,62.6201,1.0,79.91,82.89,88.1,1.0,41.99,0.0,80.0474,0.0,79.06,81.01,87.36,0.0,42.06,0.0,78.7883,2.0,87.38,91.02,92.17,2.0,66.94,0.0,88.0931,9,16,1.0,71.8,80.34,85.67,1.0,34.7,0.0,73.0374,0.0,65.77,66.65,81.0,0.0,33.89,0.0,60.9571,,,,,,,,,4.8,,45.1,,1.3,,,,,,,69.0,15901.0,17903.0,14066.0,45.0,20483.0,22545.0,18679.0,155.0,15963.0,17497.0,14475.0,,1.21,,,,10.5,12.7,15.9,,,0.3,0.12,,0.92,2.43,3.85,19.2,,1.33,,5.28,4.53,0.91,0.41,2.7,,,,,,,,,,,,,,,,,,78.0,58.0,,,,,,,,,,,,,,,,,,,100.0,83.0,,,,,,,,,,,,,99.0,476.0,,,,,,,,,,,,,,,,,,,1.0,11974.0,,,,,,,202.0,16.0,,,102.0,495.0,,,,,6.0,32.0,,,,,,,,,,,,,,,,,,,86.0,56.0,,,97.0,59.0,100.0,49.0,,,,,,,,,,,,,,,,,,,,,,,,,,,,,,,0.9331,16.7425,120.0,13.0,15.6216,0.99,18.7927,84.0,15.0,18.605,1.1182,3.4204,,,3.8248,1.0517,14.2543,164.0,28.0,14.9915,,,,,,1.9726,,,,,,,,,,,-0.4541,,,0.7593,Yes,260,26,91.0,91.0,84.0,78.0,88.0,82.0,92.0,84.0,88.0,88.0,,79.0,4.0,17.0,87.0,3.0,10.0,74.0,4.0,22.0,75.0,4.0,21.0,80.0,4.0,16.0,87.0,3.0,10.0,77.0,4.0,19.0,77.0,5.0,18.0,61.0,8.0,31.0,58.0,8.0,34.0,64.0,8.0,28.0,63.0,20.0,17.0,75.0,9.0,16.0,50.0,30.0,20.0,12.0,88.0,12.0,88.0,12.0,88.0,43.0,5.0,52.0,47.0,6.0,47.0,45.0,4.0,51.0,37.0,4.0,59.0,80.0,3.0,17.0,62.0,8.0,30.0,6.0,21.0,73.0,4.0,69.0,27.0,,,,3.0,3.0,3.0,3.0,3.0,3.0,4.0,4.0,3.0,3.0,3.0,,83.0,22.0,26.7,18.1,471.0,16.4,18.1,14.9,164.0,17.7,21.4,14.6,120.0,18.2,21.8,15.2,51.0,4.4,6.6,3.0,,,,,,,,,,,,,,,,,,,,,,,83.0,-10.7,16.2,-33.4,68.0,22.0,164.0,17.8,40.0,-2.0,149.0,47.0,,,,561.0,15.4,20.5,11.5,82.0,1.1,1.7,0.7
35,170017,SUSAN B ALLEN MEMORIAL HOSPITAL,04,2021,,225.0,,1.0,0.134,,,,,,0.0,0.331,,657.0,,,,0.0,0.122,,5337.0,,1.097,4.0,3.646,0.349,5337.0,2.646,8.0,0.0,0.175,,,,,,,,,,25.0,30.000000000000,,Not Available,,,10.000000000000,,Not Available,20.000000000000,25.000000000000,6.666666666667,8.333333333333,,,,,,,,,,,,,,,,,5.0,0.031157,0.033999,0.022418,6.0,6.0,0.026663,,0.860355,Not Available,0.879714,,,Not Available,,,,,,,,0.0,0.923253,0.899508,0.938664,0.0,0.0,0.890653,0.0,0.883803,0.893631,0.906144,0.0,0.0,0.850703,0.0,0.836122,0.776276,0.870506,6.0,6.0,0.832942,,,,,,,,,,,,,,,,,,,,,,,2.0,0.987266,0.929489,0.852083,0.0,2.0,0.967290,,,0.687,Not Available,0.0,,,Not Available,,0.774,Not Available,0.0,,,Not Available,,0.754,Not Available,0.0,,,Not Available,,0.726,Not Available,0.0,,,Not Available,,0.763,Not Available,0.0,,,Not Available,0.0,0.748,0.911,0.067,0.0,0.0,1.097,,,,,,,,,,,,,,,,,,,,,,,,,,,,,,,,,,,,,,,,,,,1.0,51.87,55.02,63.32,1.0,6.53,0.0,52.3709,4.0,65.61,73.51,79.58,4.0,30.6,0.0,70.9312,0.0,63.83,65.58,74.75,0.0,33.19,0.0,62.6201,1.0,79.91,82.89,88.1,1.0,41.99,0.0,80.0474,0.0,79.06,81.01,87.36,0.0,42.06,0.0,78.7883,2.0,87.38,91.02,92.17,2.0,66.94,0.0,88.0931,9,16,1.0,71.8,80.34,85.67,1.0,34.7,0.0,73.0374,0.0,65.77,66.65,81.0,0.0,33.89,0.0,60.9571,,,,,,,,,4.8,,45.1,,1.3,,,,,,,69.0,15901.0,17903.0,14066.0,45.0,20483.0,22545.0,18679.0,155.0,15963.0,17497.0,14475.0,,1.21,,,,10.5,12.7,15.9,,,0.3,0.12,,0.92,2.43,3.85,19.2,,1.33,,5.28,4.53,0.91,0.41,2.7,,,,,,,,,,,,,,,,,,78.0,58.0,,,,,,,,,,,,,,,,,,,100.0,83.0,,,,,,,,,,,,,99.0,476.0,,,,,,,,,,,,,,,,,,,1.0,11974.0,,,,,,,202.0,16.0,,,102.0,495.0,,,,,6.0,32.0,,,,,,,,,,,,,,,,,,,86.0,56.0,,,97.0,59.0,100.0,49.0,,,,,,,,,,,,,,,,,,,,,,,,,,,,,,,0.9331,16.7425,120.0,13.0,15.6216,0.99,18.7927,84.0,15.0,18.605,1.1182,3.4204,,,3.8248,1.0517,14.2543,164.0,28.0,14.9915,,,,,,1.9726,,,,,,,,,,,-0.4541,,,0.7593,Yes,260,26,91.0,91.0,84.0,78.0,88.0,82.0,92.0,84.0,88.0,88.0,,79.0,4.0,17.0,87.0,3.0,10.0,74.0,4.0,22.0,75.0,4.0,21.0,80.0,4.0,16.0,87.0,3.0,10.0,77.0,4.0,19.0,77.0,5.0,18.0,61.0,8.0,31.0,58.0,8.0,34.0,64.0,8.0,28.0,63.0,20.0,17.0,75.0,9.0,16.0,50.0,30.0,20.0,12.0,88.0,12.0,88.0,12.0,88.0,43.0,5.0,52.0,47.0,6.0,47.0,45.0,4.0,51.0,37.0,4.0,59.0,80.0,3.0,17.0,62.0,8.0,30.0,6.0,21.0,73.0,4.0,69.0,27.0,,,,3.0,3.0,3.0,3.0,3.0,3.0,4.0,4.0,3.0,3.0,3.0,,83.0,22.0,26.7,18.1,471.0,16.4,18.1,14.9,164.0,17.7,21.4,14.6,120.0,18.2,21.8,15.2,51.0,4.4,6.6,3.0,,,,,,,,,,,,,,,,,,,,,,,83.0,-10.7,16.2,-33.4,68.0,22.0,164.0,17.8,40.0,-2.0,149.0,47.0,,,,561.0,15.4,20.5,11.5,82.0,1.1,1.7,0.7
36,170017,SUSAN B ALLEN MEMORIAL HOSPITAL,07,2021,,206.0,,1.0,0.124,,,,,,0.0,0.299,,591.0,,,,0.0,0.115,,4549.0,,1.098,3.0,2.732,0.279,4549.0,2.989,7.0,0.0,0.152,,,,,,,,,,25.0,30.000000000000,,Not Available,,,10.000000000000,,Not Available,20.000000000000,25.000000000000,6.666666666667,8.333333333333,,,,,,,,,,,,,,,,,5.0,0.031157,0.033999,0.022418,6.0,6.0,0.026663,,0.860355,Not Available,0.879714,,,Not Available,,,,,,,,0.0,0.923253,0.899508,0.938664,0.0,0.0,0.890653,0.0,0.883803,0.893631,0.906144,0.0,0.0,0.850703,0.0,0.836122,0.776276,0.870506,6.0,6.0,0.832942,,,,,,,,,,,,,,,,,,,,,,,2.0,0.987266,0.929489,0.852083,0.0,2.0,0.967290,,,0.687,Not Available,0.0,,,Not Available,,0.774,Not Available,0.0,,,Not Available,,0.754,Not Available,0.0,,,Not Available,,0.726,Not Available,0.0,,,Not Available,,0.763,Not Available,0.0,,,Not Available,0.0,0.748,0.911,0.067,0.0,0.0,1.097,,,,,,,,,,,,,,,,,,,,,,,,,,,,,,,,,,,,,,,,,,,1.0,51.87,55.02,63.32,1.0,6.53,0.0,52.3709,4.0,65.61,73.51,79.58,4.0,30.6,0.0,70.9312,0.0,63.83,65.58,74.75,0.0,33.19,0.0,62.6201,1.0,79.91,82.89,88.1,1.0,41.99,0.0,80.0474,0.0,79.06,81.01,87.36,0.0,42.06,0.0,78.7883,2.0,87.38,91.02,92.17,2.0,66.94,0.0,88.0931,9,16,1.0,71.8,80.34,85.67,1.0,34.7,0.0,73.0374,0.0,65.77,66.65,81.0,0.0,33.89,0.0,60.9571,,,,,,,,,1.9,,,,6.6,,,,,,,61.0,16016.0,17973.0,14140.0,38.0,18614.0,20547.0,16853.0,120.0,17127.0,18879.0,15346.0,,1.16,,,,9.4,12.6,14.9,,,0.27,0.11,,0.98,2.51,4.0,17.5,,1.4,,4.83,4.77,0.86,0.48,2.7,,,,,,,,,,,,,,,,,,69.0,26.0,,,,,,,,,,,,,,,,,,,100.0,83.0,,,,,,,,,,,,,99.0,476.0,,,,,,,,,,,,,,,,,,,1.0,11974.0,,,,,,,,,,,105.0,237.0,,,,,0.0,15.0,,,,,,,,,,,,,,,,,,,86.0,22.0,,,85.0,26.0,100.0,18.0,,,,,,,,,,,,,,,,,,,,,,,,,,,,,,,0.9331,16.7425,120.0,13.0,15.6216,0.99,18.7927,84.0,15.0,18.605,1.1182,3.4204,,,3.8248,1.0517,14.2543,164.0,28.0,14.9915,,,,,,1.9726,,,,,,,,,,,-0.4541,,,0.7593,Yes,260,26,91.0,91.0,84.0,78.0,88.0,82.0,92.0,84.0,88.0,88.0,,79.0,4.0,17.0,87.0,3.0,10.0,74.0,4.0,22.0,75.0,4.0,21.0,80.0,4.0,16.0,87.0,3.0,10.0,77.0,4.0,19.0,77.0,5.0,18.0,61.0,8.0,31.0,58.0,8.0,34.0,64.0,8.0,28.0,63.0,20.0,17.0,75.0,9.0,16.0,50.0,30.0,20.0,12.0,88.0,12.0,88.0,12.0,88.0,43.0,5.0,52.0,47.0,6.0,47.0,45.0,4.0,51.0,37.0,4.0,59.0,80.0,3.0,17.0,62.0,8.0,30.0,6.0,21.0,73.0,4.0,69.0,27.0,,,,3.0,3.0,3.0,3.0,3.0,3.0,4.0,4.0,3.0,3.0,3.0,,72.0,20.8,25.4,16.9,176.0,15.7,17.4,14.1,125.0,17.4,20.8,14.5,71.0,18.6,22.5,15.3,39.0,4.2,6.4,2.7,,,,,,,,,,,,,,,,,,,,,,,72.0,-24.3,2.9,-46.1,60.0,14.0,125.0,26.7,55.9,3.6,111.0,31.0,,,,561.0,15.4,20.5,11.5,82.0,1.1,1.7,0.7
37,170017,SUSAN B ALLEN MEMORIAL HOSPITAL,10,2021,,207.0,,1.0,0.125,,,,,,0.0,0.34,,673.0,,,,0.0,0.112,,4379.0,,0.366,1.0,2.733,0.018,4379.0,1.805,8.0,0.0,0.186,,,,,,,,,,25.0,30.000000000000,,Not Available,,,10.000000000000,,Not Available,20.000000000000,25.000000000000,6.666666666667,8.333333333333,,,,,,,,,,,,,,,,,5.0,0.031157,0.033999,0.022418,6.0,6.0,0.026663,,0.860355,Not Available,0.879714,,,Not Available,,,,,,,,0.0,0.923253,0.899508,0.938664,0.0,0.0,0.890653,0.0,0.883803,0.893631,0.906144,0.0,0.0,0.850703,0.0,0.836122,0.776276,0.870506,6.0,6.0,0.832942,,,,,,,,,,,,,,,,,,,,,,,2.0,0.987266,0.929489,0.852083,0.0,2.0,0.967290,,,0.687,Not Available,0.0,,,Not Available,,0.774,Not Available,0.0,,,Not Available,,0.754,Not Available,0.0,,,Not Available,,0.726,Not Available,0.0,,,Not Available,,0.763,Not Available,0.0,,,Not Available,0.0,0.748,0.911,0.067,0.0,0.0,1.097,,,,,,,,,,,,,,,,,,,,,,,,,,,,,,,,,,,,,,,,,,,1.0,51.87,55.02,63.32,1.0,6.53,0.0,52.3709,4.0,65.61,73.51,79.58,4.0,30.6,0.0,70.9312,0.0,63.83,65.58,74.75,0.0,33.19,0.0,62.6201,1.0,79.91,82.89,88.1,1.0,41.99,0.0,80.0474,0.0,79.06,81.01,87.36,0.0,42.06,0.0,78.7883,2.0,87.38,91.02,92.17,2.0,66.94,0.0,88.0931,9,16,1.0,71.8,80.34,85.67,1.0,34.7,0.0,73.0374,0.0,65.77,66.65,81.0,0.0,33.89,0.0,60.9571,,,,,,,,,1.9,,,,6.6,,,,,,,61.0,16016.0,17973.0,14140.0,38.0,18614.0,20547.0,16853.0,120.0,17127.0,18879.0,15346.0,,1.16,,,,9.4,12.6,14.9,,,0.27,0.11,,0.98,2.51,4.0,17.5,,1.4,,4.83,4.77,0.86,0.47,2.7,,,,,,,,,,,,,,,,,,59.0,27.0,,,,,,,,,,,,,,,,,,,100.0,83.0,,,,,,,,,,,,,99.0,491.0,,,,,,,,,,,,,,,,,,,1.0,11974.0,,,,,,,206.0,12.0,,,118.0,235.0,,,,,,,,,,,,,,,,,,,,,,,,,77.0,22.0,,,81.0,27.0,100.0,21.0,,,,,,,,,,,,,,,,,,,,,,,,,,,,,,,0.9331,16.7425,120.0,13.0,15.6216,0.99,18.7927,84.0,15.0,18.605,1.1182,3.4204,,,3.8248,1.0517,14.2543,164.0,28.0,14.9915,,,,,,1.9726,,,,,,,,,,,-0.4541,,,0.7593,Yes,92,22,,,,,,,,,,,,72.0,7.0,21.0,81.0,6.0,13.0,65.0,7.0,28.0,72.0,7.0,21.0,75.0,8.0,17.0,86.0,8.0,6.0,75.0,8.0,17.0,65.0,8.0,27.0,64.0,7.0,29.0,65.0,2.0,33.0,64.0,11.0,25.0,55.0,25.0,20.0,69.0,12.0,19.0,42.0,38.0,20.0,18.0,82.0,20.0,80.0,16.0,84.0,45.0,7.0,48.0,50.0,8.0,42.0,46.0,7.0,47.0,41.0,4.0,55.0,70.0,8.0,22.0,66.0,2.0,32.0,7.0,24.0,69.0,8.0,72.0,20.0,,,,,,,,,,,,,,,,72.0,20.8,25.4,16.9,176.0,15.7,17.4,14.1,125.0,17.4,20.8,14.5,71.0,18.6,22.5,15.3,39.0,4.2,6.4,2.7,,,,,,,,,,,,,,,,,,,,,,,72.0,-24.3,2.9,-46.1,60.0,14.0,125.0,26.7,55.9,3.6,111.0,31.0,,,,561.0,15.4,20.5,11.5,82.0,1.1,1.7,0.7
38,170017,SUSAN B ALLEN MEMORIAL HOSPITAL,01,2022,,179.0,,0.0,0.11,,,,,,0.0,0.392,,780.0,,,,0.0,0.112,,4009.0,,0.735,2.0,2.722,0.123,4009.0,2.428,8.0,1.0,0.193,,,,,,,,,,25.0,30.000000000000,,Not Available,,,10.000000000000,,Not Available,20.000000000000,25.000000000000,6.666666666667,8.333333333333,,,,,,,,,,,,,,,,,5.0,0.031157,0.033999,0.022418,6.0,6.0,0.026663,,0.860355,Not Available,0.879714,,,Not Available,,,,,,,,0.0,0.923253,0.899508,0.938664,0.0,0.0,0.890653,0.0,0.883803,0.893631,0.906144,0.0,0.0,0.850703,0.0,0.836122,0.776276,0.870506,6.0,6.0,0.832942,,,,,,,,,,,,,,,,,,,,,,,2.0,0.987266,0.929489,0.852083,0.0,2.0,0.967290,,,0.687,Not Available,0.0,,,Not Available,,0.774,Not Available,0.0,,,Not Available,,0.754,Not Available,0.0,,,Not Available,,0.726,Not Available,0.0,,,Not Available,,0.763,Not Available,0.0,,,Not Available,0.0,0.748,0.911,0.067,0.0,0.0,1.097,,,,,,,,,,,,,,,,,,,,,,,,,,,,,,,,,,,,,,,,,,,1.0,51.87,55.02,63.32,1.0,6.53,0.0,52.3709,4.0,65.61,73.51,79.58,4.0,30.6,0.0,70.9312,0.0,63.83,65.58,74.75,0.0,33.19,0.0,62.6201,1.0,79.91,82.89,88.1,1.0,41.99,0.0,80.0474,0.0,79.06,81.01,87.36,0.0,42.06,0.0,78.7883,2.0,87.38,91.02,92.17,2.0,66.94,0.0,88.0931,9,16,1.0,71.8,80.34,85.67,1.0,34.7,0.0,73.0374,0.0,65.77,66.65,81.0,0.0,33.89,0.0,60.9571,,,,,,,,,1.9,,,,6.6,,,,,,,61.0,16016.0,17973.0,14140.0,38.0,18614.0,20547.0,16853.0,120.0,17127.0,18879.0,15346.0,,1.16,,,,9.4,12.6,14.9,,,0.27,0.11,,0.98,2.51,4.0,17.5,,1.4,,4.83,4.77,0.86,0.47,2.7,,,,,,,,,,,,,,,,,,62.0,34.0,,,,,,,,,,,,,,,,,,,100.0,56.0,,,,,,,,,,,,,99.0,491.0,,,,,,,,,,,,,,,,,,,1.0,9332.0,,,,,,,189.0,17.0,,,118.0,350.0,,,,,5.0,20.0,,,,,,,,,,,,,,,,,,,79.0,28.0,,,82.0,34.0,100.0,25.0,,,,,,,,,,,,,,,,,,,,,,,,,,,,,,,0.9508,16.6538,,,15.8344,0.9536,18.9307,,,18.0516,1.0492,2.8451,,,2.985,1.0306,14.6677,125.0,21.0,15.1164,,,,,,1.708,,,,,,,,,,,-0.052,,,0.828,Yes,128,22,89.0,88.0,85.0,73.0,84.0,79.0,88.0,87.0,87.0,86.0,,74.0,5.0,21.0,81.0,5.0,14.0,70.0,5.0,25.0,72.0,6.0,22.0,76.0,7.0,17.0,88.0,6.0,6.0,74.0,7.0,19.0,67.0,8.0,25.0,63.0,7.0,30.0,62.0,3.0,35.0,65.0,11.0,24.0,53.0,25.0,22.0,69.0,15.0,16.0,38.0,35.0,27.0,16.0,84.0,19.0,81.0,14.0,86.0,44.0,8.0,48.0,49.0,10.0,41.0,44.0,7.0,49.0,38.0,6.0,56.0,72.0,8.0,20.0,65.0,4.0,31.0,9.0,22.0,69.0,9.0,71.0,20.0,,,,3.0,2.0,3.0,2.0,3.0,2.0,4.0,4.0,3.0,3.0,3.0,,72.0,20.8,25.4,16.9,176.0,15.7,17.4,14.1,125.0,17.4,20.8,14.5,71.0,18.6,22.5,15.3,39.0,4.2,6.4,2.7,,,,,,,,,,,,,,,,,,,,,,,72.0,-24.3,2.9,-46.1,60.0,14.0,125.0,26.7,55.9,3.6,111.0,31.0,,,,417.0,14.0,19.5,10.0,,,,
39,170017,SUSAN B ALLEN MEMORIAL HOSPITAL,04,2022,,179.0,,0.0,0.11,,,,,,0.0,0.392,,780.0,,,,0.0,0.112,,4009.0,,0.735,2.0,2.722,0.123,4009.0,2.428,8.0,1.0,0.193,,,,,,,,,,,,,,,,,,,,,,,,,,,,,,,,,,,,,,,,,,,,,,,,,,,,,,,,,,,,,,,,,,,,,,,,,,,,,,,,,,,,,,,,,,,,,,,,,,,,,,,,,,,,,,,,,,,,,,,,,,,,,,,,,,,,,,,,,,,,,,,,,,,,,,,,,,,,,,,,,,,,,,,,,,,,,,,,,,,,,,,,,,,,,,,,,,,,,,,,,,,,,,,,,,,,,,,,,,,,,,,,,,,,,,,,,,,,,,,,,,,,,,,,,,,,,,,,,,,,,,,,,,,,,1.9,,,,6.6,,,,,,,61.0,16016.0,17973.0,14140.0,38.0,18614.0,20547.0,16853.0,120.0,17127.0,18879.0,15346.0,,1.16,,,,9.4,12.6,14.9,,,0.27,0.11,,0.98,2.51,4.0,17.5,,1.4,,4.83,4.77,0.86,0.47,2.7,,,,,,,,,,,,,,,,,,62.0,34.0,,,,,,,,,,,,,,,,,,,100.0,56.0,,,,,,,,,,,,,99.0,491.0,,,,,,,,,,,,,,,,,,,1.0,9332.0,,,,,,,189.0,17.0,,,118.0,350.0,,,,,5.0,20.0,,,,,,,,,,,,,,,,,,,79.0,28.0,,,82.0,34.0,100.0,25.0,,,,,,,,,,,,,,,,,,,,,,,,,,,,,,,0.9508,16.6538,,,15.8344,0.9536,18.9307,,,18.0516,1.0492,2.8451,,,2.985,1.0306,14.6677,125.0,21.0,15.1164,,,,,,1.708,,,,,,,,,,,-0.052,,,0.828,Yes,128,22,89.0,88.0,85.0,73.0,84.0,79.0,88.0,87.0,87.0,86.0,,74.0,5.0,21.0,81.0,5.0,14.0,70.0,5.0,25.0,72.0,6.0,22.0,76.0,7.0,17.0,88.0,6.0,6.0,74.0,7.0,19.0,67.0,8.0,25.0,63.0,7.0,30.0,62.0,3.0,35.0,65.0,11.0,24.0,53.0,25.0,22.0,69.0,15.0,16.0,38.0,35.0,27.0,16.0,84.0,19.0,81.0,14.0,86.0,44.0,8.0,48.0,49.0,10.0,41.0,44.0,7.0,49.0,38.0,6.0,56.0,72.0,8.0,20.0,65.0,4.0,31.0,9.0,22.0,69.0,9.0,71.0,20.0,,,,3.0,2.0,3.0,2.0,3.0,2.0,4.0,4.0,3.0,3.0,3.0,,72.0,20.8,25.4,16.9,176.0,15.7,17.4,14.1,125.0,17.4,20.8,14.5,71.0,18.6,22.5,15.3,39.0,4.2,6.4,2.7,,,,,,,,,,,,,,,,,,,,,,,72.0,-24.3,2.9,-46.1,60.0,14.0,125.0,26.7,55.9,3.6,111.0,31.0,,,,417.0,14.0,19.5,10.0,,,,
40,170017,SUSAN B ALLEN MEMORIAL HOSPITAL,07,2022,,172.0,,0.0,0.105,,,,,,0.0,0.414,,821.0,,,,0.0,0.104,,3528.0,,0.812,2.0,2.464,0.136,3528.0,2.682,12.0,1.0,0.295,,,,,,,,,,,,,,,,,,,,,,,,,,,,,,,,,,,,,,,,,,,,,,,,,,,,,,,,,,,,,,,,,,,,,,,,,,,,,,,,,,,,,,,,,,,,,,,,,,,,,,,,,,,,,,,,,,,,,,,,,,,,,,,,,,,,,,,,,,,,,,,,,,,,,,,,,,,,,,,,,,,,,,,,,,,,,,,,,,,,,,,,,,,,,,,,,,,,,,,,,,,,,,,,,,,,,,,,,,,,,,,,,,,,,,,,,,,,,,,,,,,,,,,,,,,,,,,,,,,,,,,,,,,,,5.5,12.6,53.5,,3.8,,,,,,,48.0,16952.0,19194.0,14822.0,,,,,94.0,17993.0,19561.0,17456.0,,,,,,8.7,,15.2,,,,,,,,,,,,,,,,,,,,,,,,,,,,,,,,,,,65.0,43.0,,,,,,,,,,,,,,,,,,,100.0,56.0,,,,,,,,,,,,,99.0,491.0,,,,,,,,,,,,,,,,,,,1.0,9332.0,,,,,,,138.0,20.0,,,122.0,461.0,,,,,2.0,40.0,,,,,,,,,,,,,,,,,,,79.0,28.0,,,81.0,43.0,100.0,29.0,,,,,,,,,,,,,,,,,,,,,,,,,,,,,,,0.9508,16.6538,,,15.8344,0.9536,18.9307,,,18.0516,1.0492,2.8451,,,2.985,1.0306,14.6677,125.0,21.0,15.1164,,,,,,1.708,,,,,,,,,,,-0.052,,,0.828,Yes,149,20,90.0,89.0,83.0,72.0,84.0,77.0,87.0,86.0,86.0,83.0,,75.0,6.0,19.0,84.0,4.0,12.0,71.0,5.0,24.0,70.0,8.0,22.0,74.0,6.0,20.0,84.0,5.0,11.0,69.0,6.0,25.0,68.0,6.0,26.0,61.0,9.0,30.0,58.0,7.0,35.0,64.0,12.0,24.0,53.0,28.0,19.0,63.0,21.0,16.0,43.0,35.0,22.0,16.0,84.0,20.0,80.0,13.0,87.0,49.0,8.0,43.0,50.0,10.0,40.0,49.0,6.0,45.0,47.0,9.0,44.0,70.0,8.0,22.0,65.0,7.0,28.0,11.0,22.0,67.0,10.0,62.0,28.0,,,,3.0,3.0,3.0,2.0,3.0,2.0,4.0,4.0,3.0,2.0,3.0,,53.0,19.9,24.5,16.3,206.0,15.2,17.0,13.5,,,,,39.0,19.7,24.6,15.8,,,,,,,,,,,,,,,,,,,,,,,,,,,53.0,-23.7,6.0,-45.2,45.0,9.0,101.0,12.8,39.3,-8.3,92.0,30.0,,,,,,,,,,,
41,170017,SUSAN B ALLEN MEMORIAL HOSPITAL,10,2022,,151.0,,0.0,0.093,,,,,,0.0,0.4,,793.0,,,,0.0,0.09,,3230.0,,1.051,3.0,2.854,0.267,3230.0,2.861,15.0,1.0,0.357,,,,,,,,,,,,,,,,,,,,,,,,,,,,,,,,,,,,,,,,,,,,,,,,,,,,,,,,,,,,,,,,,,,,,,,,,,,,,,,,,,,,,,,,,,,,,,,,,,,,,,,,,,,,,,,,,,,,,,,,,,,,,,,,,,,,,,,,,,,,,,,,,,,,,,,,,,,,,,,,,,,,,,,,,,,,,,,,,,,,,,,,,,,,,,,,,,,,,,,,,,,,,,,,,,,,,,,,,,,,,,,,,,,,,,,,,,,,,,,,,,,,,,,,,,,,,,,,,,,,,,,,,,,,,6.2,12.6,53.5,,3.8,,,,,,,48.0,16952.0,19194.0,14822.0,,,,,94.0,17993.0,19561.0,17456.0,,,,,,8.7,,15.2,,,,,,,,,,,,,,,,,,,,,,,,,,,,,,,,,,,63.0,38.0,,,,,,,,,,,,,,,,,,,100.0,56.0,,,,,,,,,,,,,98.0,466.0,,,,,,,,,,,,,,,,,,,1.0,9332.0,,,,,,,138.0,20.0,,,135.0,458.0,,,,,,,57.0,454.0,,,,,,,,,,,,,,,,,73.0,22.0,,,82.0,38.0,100.0,24.0,,,,,,,,,,,,,,,,,,,,,,,,,,,,,,,0.9508,16.6538,,,15.8344,0.9536,18.9307,,,18.0516,1.0492,2.8451,,,2.985,1.0306,14.6677,125.0,21.0,15.1164,,,,,,1.708,,,,,,,,,,,-0.052,,,0.828,Yes,143,21,90.0,88.0,83.0,73.0,86.0,76.0,88.0,85.0,85.0,81.0,,77.0,5.0,18.0,85.0,4.0,11.0,74.0,4.0,22.0,71.0,7.0,22.0,73.0,7.0,20.0,82.0,5.0,13.0,67.0,7.0,26.0,71.0,8.0,21.0,60.0,10.0,30.0,55.0,10.0,35.0,65.0,11.0,24.0,54.0,27.0,19.0,63.0,19.0,18.0,44.0,35.0,21.0,14.0,86.0,18.0,82.0,10.0,90.0,48.0,10.0,42.0,49.0,12.0,39.0,49.0,8.0,43.0,45.0,11.0,44.0,75.0,8.0,17.0,64.0,7.0,29.0,12.0,22.0,66.0,11.0,60.0,29.0,,,,3.0,2.0,3.0,3.0,3.0,2.0,4.0,4.0,3.0,2.0,3.0,,53.0,19.9,24.5,16.3,206.0,15.2,17.0,13.5,,,,,39.0,19.7,24.6,15.8,,,,,,,,,,,,,,,,,,,,,,,,,,,53.0,-23.7,6.0,-45.2,45.0,9.0,101.0,12.8,39.3,-8.3,92.0,30.0,,,,417.0,16.0,21.9,11.6,,,,
42,170017,SUSAN B ALLEN MEMORIAL HOSPITAL,01,2023,,151.0,,0.0,0.093,,,,,,0.0,0.445,,880.0,,,,0.0,0.075,,3267.0,,0.349,1.0,2.868,0.017,3267.0,1.72,15.0,0.0,0.354,,,,,,,,,,Not Available,10.000000000000,0.0,Not Available,Not Available,0.0,2.500000000000,Not Available,Not Available,,,,,,,,,,,,,,,,,,,,,,0.027428,0.029587,0.019779,,,Not Available,,0.866548,Not Available,0.885499,,,Not Available,,0.968747,Not Available,0.97962,,,Not Available,0.0,0.919769,0.903698,0.936349,2.0,2.0,0.910645,0.0,0.881939,0.864705,0.906798,0.0,0.0,0.858006,,0.840138,0.771531,0.871741,,,0.812654,,,,,,,,,,,,,,,,,,,,,,,0.0,0.98791,0.967290,0.844806,0.0,0.0,1.059263,,,0.589,Not Available,0.0,,,Not Available,,0.65,Not Available,0.0,,,Not Available,,0.717,Not Available,0.0,,,Not Available,,0.738,Not Available,0.0,,,Not Available,,0.726,Not Available,0.0,,,Not Available,,0.52,1.097,0.014,,,1.051,,,,,,,,,,,,,,,,,,,,,,,,,,,,,,,,,,,,,,,,,,,,51.84,52.3711,63.57,,25.64,,41.9197,,65.63,70.9312,79.64,,45.94,,69.2718,,63.11,62.6204,74.05,,39.82,,53.7053,,79.83,80.0475,87.97,,62.41,,73.4414,,79.42,78.7883,87.71,,53.5,,76.7152,,87.23,88.0932,92.21,,66.92,,86.3379,Not Available,Not Available,,71.66,73.0372,85.39,,36.31,,66.4668,,65.52,60.9571,81.22,,40.4,,60.0197,,,,,,,,,6.2,12.6,53.5,,3.8,,,,,,,48.0,16952.0,19194.0,14822.0,,,,,94.0,17993.0,19561.0,17456.0,,1.01,,,,8.7,,15.2,,,0.18,0.07,,0.95,,3.27,19.3,,0.91,2.35,5.67,3.99,0.79,0.36,,,,,,,101.0,195.0,,,,,,0.0,,,,,56.0,41.0,,,,,,,,,,,,,,,,,,,100.0,67.0,,,,,,,,,,,,,98.0,466.0,,,,,,,,,,,,,,,,,95.0,40.0,3.0,9815.0,,,,,,,134.0,15.0,,,138.0,464.0,,,,,,,83.1,517.0,,,,,,,,,,,,,,,9.0,132.0,72.0,18.0,,,73.0,41.0,100.0,23.0,,,,,,,,,,,,,,,,,88.0,232.0,,,,,,,,,,,,,1.0003,15.3225,,,15.3272,0.9352,18.6321,,,17.4255,,,,,,1.0464,14.8618,101.0,19.0,15.5519,,,,,1.051,,,,,,,,,,,,,,,0.0,,138,20,90.0,88.0,83.0,74.0,86.0,76.0,86.0,86.0,86.0,83.0,,76.0,5.0,19.0,85.0,4.0,11.0,73.0,4.0,23.0,72.0,6.0,22.0,74.0,7.0,19.0,80.0,6.0,14.0,69.0,8.0,23.0,73.0,7.0,20.0,61.0,10.0,29.0,60.0,9.0,31.0,63.0,10.0,27.0,56.0,25.0,19.0,65.0,15.0,20.0,47.0,34.0,19.0,14.0,86.0,17.0,83.0,11.0,89.0,50.0,9.0,41.0,52.0,11.0,37.0,52.0,7.0,41.0,46.0,9.0,45.0,73.0,10.0,17.0,65.0,6.0,29.0,10.0,23.0,67.0,9.0,60.0,31.0,,,,3.0,2.0,3.0,3.0,3.0,2.0,3.0,4.0,3.0,3.0,3.0,,53.0,19.9,24.5,16.3,206.0,15.2,17.0,13.5,101.0,18.0,21.5,14.9,39.0,19.7,24.6,15.8,,,,,,,,,,,,,,,,,,,,,,,,,,,53.0,-23.7,6.0,-45.2,45.0,9.0,101.0,12.8,39.3,-8.3,92.0,30.0,,,,298.0,14.6,20.1,10.4,42.0,0.9,1.4,0.6
43,170017,SUSAN B ALLEN MEMORIAL HOSPITAL,04,2023,,153.0,,0.0,0.095,,,,,,0.0,0.454,,898.0,,,,0.0,0.076,,3336.0,,0.406,1.0,2.462,0.02,3336.0,2.003,19.0,0.0,0.467,,,,,,,,,,Not Available,10.000000000000,0.0,Not Available,Not Available,0.0,2.500000000000,Not Available,Not Available,,,,,,,,,,,,,,,,,,,,,,0.027428,0.029587,0.019779,,,Not Available,,0.866548,Not Available,0.885499,,,Not Available,,0.968747,Not Available,0.97962,,,Not Available,0.0,0.919769,0.903698,0.936349,2.0,2.0,0.910645,0.0,0.881939,0.864705,0.906798,0.0,0.0,0.858006,,0.840138,0.771531,0.871741,,,0.812654,,,,,,,,,,,,,,,,,,,,,,,0.0,0.98791,0.967290,0.844806,0.0,0.0,1.059263,,,0.589,Not Available,0.0,,,Not Available,,0.65,Not Available,0.0,,,Not Available,,0.717,Not Available,0.0,,,Not Available,,0.738,Not Available,0.0,,,Not Available,,0.726,Not Available,0.0,,,Not Available,,0.52,1.097,0.014,,,1.051,,,,,,,,,,,,,,,,,,,,,,,,,,,,,,,,,,,,,,,,,,,,51.84,52.3711,63.57,,25.64,,41.9197,,65.63,70.9312,79.64,,45.94,,69.2718,,63.11,62.6204,74.05,,39.82,,53.7053,,79.83,80.0475,87.97,,62.41,,73.4414,,79.42,78.7883,87.71,,53.5,,76.7152,,87.23,88.0932,92.21,,66.92,,86.3379,Not Available,Not Available,,71.66,73.0372,85.39,,36.31,,66.4668,,65.52,60.9571,81.22,,40.4,,60.0197,,,,,,,,,6.2,12.6,53.5,,3.9,,,,,,,48.0,16952.0,19194.0,14822.0,,,,,94.0,17993.0,19561.0,17456.0,,1.01,,,,8.7,,15.2,,,0.18,0.07,,0.95,,3.27,19.3,,0.91,2.35,5.67,3.99,0.79,0.36,,,,,,,101.0,195.0,,,,,,0.0,,,,,55.0,44.0,,,,,,,,,,,,,,,,,,,100.0,67.0,,,,,,,,,,,,,98.0,466.0,,,,,,,,,,,,,,,,,95.0,40.0,3.0,9815.0,,,,,,,210.0,12.0,,,144.0,475.0,,,,,,,83.2,537.0,,,,,,,,,,,,,,,9.0,132.0,56.0,16.0,,,75.0,44.0,100.0,23.0,,,,,,,,,,,,,,,,,88.0,232.0,,,,,,,,,,,,,1.0003,15.3225,,,15.3272,0.9352,18.6321,,,17.4255,,,,,,1.0464,14.8618,101.0,19.0,15.5519,,,,,1.051,,,,,,,,,,,,,,,0.0,,135,20,91.0,89.0,83.0,77.0,89.0,79.0,86.0,87.0,85.0,82.0,,77.0,5.0,18.0,85.0,5.0,10.0,73.0,5.0,22.0,72.0,5.0,23.0,76.0,6.0,18.0,82.0,5.0,13.0,73.0,8.0,19.0,74.0,6.0,20.0,61.0,10.0,29.0,61.0,9.0,30.0,62.0,11.0,27.0,62.0,21.0,17.0,72.0,13.0,15.0,51.0,30.0,19.0,11.0,89.0,13.0,87.0,10.0,90.0,49.0,7.0,44.0,51.0,9.0,40.0,53.0,6.0,41.0,44.0,5.0,51.0,73.0,11.0,16.0,66.0,4.0,30.0,12.0,20.0,68.0,11.0,61.0,28.0,,,,3.0,3.0,3.0,4.0,4.0,3.0,4.0,4.0,3.0,3.0,3.0,,53.0,19.9,24.5,16.3,206.0,15.2,17.0,13.5,101.0,18.0,21.5,14.9,39.0,19.7,24.6,15.8,,,,,,,,,,,,,,,,,,,,,,,,,,,53.0,-23.7,6.0,-45.2,45.0,9.0,101.0,12.8,39.3,-8.3,92.0,30.0,,,,298.0,14.6,20.1,10.4,42.0,0.9,1.4,0.6
44,170017,SUSAN B ALLEN MEMORIAL HOSPITAL,07,2023,,160.0,,0.0,0.098,,,,,,0.0,0.428,,853.0,,,,0.0,0.063,,3192.0,,0.898,2.0,2.228,0.15,3192.0,2.966,16.0,0.0,0.406,,,,,,,,,,Not Available,10.000000000000,0.0,Not Available,Not Available,0.0,2.500000000000,Not Available,Not Available,,,,,,,,,,,,,,,,,,,,,,0.027428,0.029587,0.019779,,,Not Available,,0.866548,Not Available,0.885499,,,Not Available,,0.968747,Not Available,0.97962,,,Not Available,0.0,0.919769,0.903698,0.936349,2.0,2.0,0.910645,0.0,0.881939,0.864705,0.906798,0.0,0.0,0.858006,,0.840138,0.771531,0.871741,,,0.812654,,,,,,,,,,,,,,,,,,,,,,,0.0,0.98791,0.967290,0.844806,0.0,0.0,1.059263,,,0.589,Not Available,0.0,,,Not Available,,0.65,Not Available,0.0,,,Not Available,,0.717,Not Available,0.0,,,Not Available,,0.738,Not Available,0.0,,,Not Available,,0.726,Not Available,0.0,,,Not Available,,0.52,1.097,0.014,,,1.051,,,,,,,,,,,,,,,,,,,,,,,,,,,,,,,,,,,,,,,,,,,,51.84,52.3711,63.57,,25.64,,41.9197,,65.63,70.9312,79.64,,45.94,,69.2718,,63.11,62.6204,74.05,,39.82,,53.7053,,79.83,80.0475,87.97,,62.41,,73.4414,,79.42,78.7883,87.71,,53.5,,76.7152,,87.23,88.0932,92.21,,66.92,,86.3379,Not Available,Not Available,,71.66,73.0372,85.39,,36.31,,66.4668,,65.52,60.9571,81.22,,40.4,,60.0197,,,,,,,,,8.1,11.1,,,2.5,,,,,,,33.0,18154.0,20867.0,15691.0,,,,,52.0,17058.0,19466.0,14606.0,,1.01,,,,10.6,,13.7,,,0.18,0.07,,0.95,,3.27,22.0,,0.91,2.35,5.67,3.99,0.79,0.36,,,,,,,101.0,195.0,,,,,,0.0,,,,,52.0,33.0,,,,,,,,,,,,,,,,,,,100.0,67.0,,,,,,,,,,,,,98.0,466.0,,,,,,,,,,,,,,,,,95.0,40.0,3.0,9815.0,,,,,,,,,,,136.0,598.0,,,,,,,83.0,554.0,,,,,,,,,,,,,,,9.0,132.0,45.0,11.0,,,73.0,33.0,100.0,15.0,,,,,,,,,,,,,,,,,88.0,232.0,,,,,,,,,,,,,1.0003,15.3225,,,15.3272,0.9352,18.6321,,,17.4255,,,,,,1.0464,14.8618,101.0,19.0,15.5519,,,,,1.051,,,,,,,,,,,,,,,0.0,,148,23,90.0,89.0,83.0,78.0,86.0,79.0,84.0,88.0,85.0,82.0,,76.0,5.0,19.0,84.0,4.0,12.0,73.0,5.0,22.0,71.0,6.0,23.0,78.0,8.0,14.0,83.0,6.0,11.0,76.0,8.0,16.0,74.0,9.0,17.0,65.0,12.0,23.0,66.0,10.0,24.0,63.0,14.0,23.0,66.0,19.0,15.0,79.0,7.0,14.0,53.0,31.0,16.0,14.0,86.0,14.0,86.0,13.0,87.0,46.0,8.0,46.0,50.0,10.0,40.0,47.0,8.0,45.0,41.0,6.0,53.0,72.0,13.0,15.0,69.0,6.0,25.0,14.0,17.0,69.0,12.0,63.0,25.0,,,,3.0,3.0,3.0,4.0,4.0,3.0,3.0,5.0,3.0,3.0,3.0,,37.0,19.2,23.3,15.5,191.0,13.9,15.6,12.3,55.0,16.9,20.7,13.7,29.0,20.0,24.7,15.6,,,,,,,,,,,,,,,,,,,,,,,,,,,37.0,-20.8,11.1,-44.4,31.0,7.0,55.0,-3.2,27.0,-25.6,50.0,14.0,,,,298.0,14.6,20.1,10.4,42.0,0.9,1.4,0.6
45,170017,SUSAN B ALLEN MEMORIAL HOSPITAL,10,2023,,160.0,,0.0,0.098,,,,,,0.0,0.428,,853.0,,,,0.0,0.063,,3192.0,,0.898,2.0,2.228,0.15,3192.0,2.966,16.0,0.0,0.406,,,,,,,,,,Not Available,10.000000000000,0.0,Not Available,Not Available,0.0,2.500000000000,Not Available,Not Available,,,,,,,,,,,,,,,,,,,,,,0.027428,0.029587,0.019779,,,Not Available,,0.866548,Not Available,0.885499,,,Not Available,,0.968747,Not Available,0.97962,,,Not Available,0.0,0.919769,0.903698,0.936349,2.0,2.0,0.910645,0.0,0.881939,0.864705,0.906798,0.0,0.0,0.858006,,0.840138,0.771531,0.871741,,,0.812654,,,,,,,,,,,,,,,,,,,,,,,0.0,0.98791,0.967290,0.844806,0.0,0.0,1.059263,,,0.589,Not Available,0.0,,,Not Available,,0.65,Not Available,0.0,,,Not Available,,0.717,Not Available,0.0,,,Not Available,,0.738,Not Available,0.0,,,Not Available,,0.726,Not Available,0.0,,,Not Available,,0.52,1.097,0.014,,,1.051,,,,,,,,,,,,,,,,,,,,,,,,,,,,,,,,,,,,,,,,,,,,51.84,52.3711,63.57,,25.64,,41.9197,,65.63,70.9312,79.64,,45.94,,69.2718,,63.11,62.6204,74.05,,39.82,,53.7053,,79.83,80.0475,87.97,,62.41,,73.4414,,79.42,78.7883,87.71,,53.5,,76.7152,,87.23,88.0932,92.21,,66.92,,86.3379,Not Available,Not Available,,71.66,73.0372,85.39,,36.31,,66.4668,,65.52,60.9571,81.22,,40.4,,60.0197,,,,,,,,,8.1,11.1,,,2.5,,,,,,,33.0,18154.0,20867.0,15691.0,,,,,52.0,17058.0,19466.0,14606.0,,1.01,,,,10.6,,13.7,,,0.18,0.07,,0.95,,3.27,22.0,,0.91,2.35,5.67,3.99,0.79,0.36,,,,,,,101.0,195.0,,,,,,0.0,,,,,52.0,33.0,,,,,,,,,,,,,,,,,,,100.0,67.0,,,,,,,,,,,,,98.0,466.0,,,,,,,,,,,,,,,,,95.0,40.0,3.0,9815.0,,,,,,,,,,,138.0,478.0,,,,,,,83.0,554.0,,,,,,,,,,,,,,,9.0,132.0,45.0,11.0,,,73.0,33.0,100.0,15.0,,,,,,,,,,,,,,,,,88.0,232.0,,,,,,,,,,,,,1.0003,15.3225,,,15.3272,0.9352,18.6321,,,17.4255,,,,,,1.0464,14.8618,101.0,19.0,15.5519,,,,,1.051,,,,,,,,,,,,,,,0.0,,148,23,90.0,89.0,83.0,78.0,86.0,79.0,84.0,88.0,85.0,82.0,,76.0,5.0,19.0,84.0,4.0,12.0,73.0,5.0,22.0,71.0,6.0,23.0,78.0,8.0,14.0,83.0,6.0,11.0,76.0,8.0,16.0,74.0,9.0,17.0,65.0,12.0,23.0,66.0,10.0,24.0,63.0,14.0,23.0,66.0,19.0,15.0,79.0,7.0,14.0,53.0,31.0,16.0,14.0,86.0,14.0,86.0,13.0,87.0,46.0,8.0,46.0,50.0,10.0,40.0,47.0,8.0,45.0,41.0,6.0,53.0,72.0,13.0,15.0,69.0,6.0,25.0,14.0,17.0,69.0,12.0,63.0,25.0,,,,3.0,3.0,3.0,4.0,4.0,3.0,3.0,5.0,3.0,3.0,3.0,,37.0,19.2,23.3,15.5,191.0,13.9,15.6,12.3,55.0,16.9,20.7,13.7,29.0,20.0,24.7,15.6,,,,,,,,,,,,,,,,,,,,,,,,,,,37.0,-20.8,11.1,-44.4,31.0,7.0,55.0,-3.2,27.0,-25.6,50.0,14.0,,,,298.0,14.6,20.1,10.4,42.0,0.9,1.4,0.6
