,Facility ID,Facility Name,file_month,file_year,Healthcare Associated Infections: CLABSI (SIR),Healthcare Associated Infections: CLABSI Number of Device Days,Healthcare Associated Infections: CLABSI Number of Procedures,Healthcare Associated Infections: CLABSI Observed Cases,Healthcare Associated Infections: CLABSI Predicted Cases,Healthcare Associated Infections: CLABSI SIR (ICUs only),Healthcare Associated Infections: CLABSI lower CL,Healthcare Associated Infections: CLABSI upper CL,Healthcare Associated Infections: CAUTI (SIR),Healthcare Associated Infections: CAUTI Number of Procedures,Healthcare Associated Infections: CAUTI Observed Cases,Healthcare Associated Infections: CAUTI Predicted Cases,Healthcare Associated Infections: CAUTI SIR (ICUs only),Healthcare Associated Infections: CAUTI Urinary Catheter Days,Healthcare Associated Infections: CAUTI lower CL,Healthcare Associated Infections: CAUTI upper CL,Healthcare Associated Infections: MRSA (SIR),Healthcare Associated Infections: MRSA Observed Cases,Healthcare Associated Infections: MRSA Predicted Cases,Healthcare Associated Infections: MRSA lower CL,Healthcare Associated Infections: MRSA patient days,Healthcare Associated Infections: MRSA upper CL,Healthcare Associated Infections: CDIFF (SIR),Healthcare Associated Infections: CDIFF Observed Cases,Healthcare Associated Infections: CDIFF Predicted Cases,Healthcare Associated Infections: CDIFF lower CL,Healthcare Associated Infections: CDIFF patient days,Healthcare Associated Infections: CDIFF upper CL,Healthcare Associated Infections: SSI Colon Number of Procedures,Healthcare Associated Infections: SSI Colon Observed Cases,Healthcare Associated Infections: SSI Colon Predicted Cases,Healthcare Associated Infections: SSI Colon Surgery (SIR),Healthcare Associated Infections: SSI Colon lower CL,Healthcare Associated Infections: SSI Colon upper CL,Healthcare Associated Infections: SSI Abdominal Hysterectomy (SIR),Healthcare Associated Infections: SSI Abdominal Number of Procedures,Healthcare Associated Infections: SSI Abdominal Observed Cases,Healthcare Associated Infections: SSI Abdominal Predicted Cases,Healthcare Associated Infections: SSI Abdominal lower CL,Healthcare Associated Infections: SSI Abdominal upper CL,HVBP Total Performance: Total Performance Score,HVBP Total Performance: Unweighted Normalized Clinical Outcomes Domain Score,HVBP Total Performance: Unweighted Normalized Efficiency And Cost Reduction Domain Score,HVBP Total Performance: Unweighted Normalized Safety Domain Score,HVBP Total Performance: Unweighted Person And Community Engagement Domain Score,HVBP Total Performance: Weighted Efficiency And Cost Reduction Domain Score,HVBP Total Performance: Weighted Normalized Clinical Outcomes Domain Score,HVBP Total Performance: Weighted Person And Community Engagement Domain Score,HVBP Total Performance: Weighted Safety Domain Score,HVBP Total Performance: Unweighted Normalized Efficiency and Cost Reduction Domain Score,HVBP Total Performance: Unweighted Person and Community Engagement Domain Score,HVBP Total Performance: Weighted Efficiency and Cost Reduction Domain Score,HVBP Total Performance: Weighted Person and Community Engagement Domain Score,HVBP Total Performance: Unweighted Normalized Clinical Care Domain Score,HVBP Total Performance: Weighted Normalized Clinical Care Domain Score,HVBP Total Performance: Unweighted Patient and Caregiver Centered Experience of Care/Care Coordination Domain Score,HVBP Total Performance: Weighted Patient and Caregiver Centered Experience of Care/Care Coordination Domain Score,HVBP Total Performance: Unweighted Normalized Clinical Care - Outcomes Domain Score,HVBP Total Performance: Unweighted Normalized Clinical Care - Process Domain Score,HVBP Total Performance: Weighted Clinical Care - Process Domain Score,HVBP Total Performance: Weighted Normalized Clinical Care - Outcomes Domain Score,HVBP Total Performance: Unweighted Normalized Clinical Process of Care Domain Score,HVBP Total Performance: Unweighted Normalized Efficiency Domain Score,HVBP Total Performance: Unweighted Normalized Outcome Domain Score,HVBP Total Performance: Unweighted Patient Experience of Care Domain Score,HVBP Total Performance: Weighted Clinical Process of Care Domain Score,HVBP Total Performance: Weighted Efficiency Domain Score,HVBP Total Performance: Weighted Outcome Domain Score,HVBP Total Performance: Weighted Patient Experience of Care Domain Score,HVBP Clinical Outcomes: COMP-HIP-KNEE Achievement Points,HVBP Clinical Outcomes: COMP-HIP-KNEE Achievement Threshold,HVBP Clinical Outcomes: COMP-HIP-KNEE Baseline Rate,HVBP Clinical Outcomes: COMP-HIP-KNEE Benchmark,HVBP Clinical Outcomes: COMP-HIP-KNEE Improvement Points,HVBP Clinical Outcomes: COMP-HIP-KNEE Measure Score,HVBP Clinical Outcomes: COMP-HIP-KNEE Performance Rate,HVBP Clinical Outcomes: MORT-30-AMI Achievement Points,HVBP Clinical Outcomes: MORT-30-AMI Achievement Threshold,HVBP Clinical Outcomes: MORT-30-AMI Baseline Rate,HVBP Clinical Outcomes: MORT-30-AMI Benchmark,HVBP Clinical Outcomes: MORT-30-AMI Improvement Points,HVBP Clinical Outcomes: MORT-30-AMI Measure Score,HVBP Clinical Outcomes: MORT-30-AMI Performance Rate,HVBP Clinical Outcomes: MORT-30-CABG Achievement Points,HVBP Clinical Outcomes: MORT-30-CABG Achievement Threshold,HVBP Clinical Outcomes: MORT-30-CABG Baseline Rate,HVBP Clinical Outcomes: MORT-30-CABG Benchmark,HVBP Clinical Outcomes: MORT-30-CABG Improvement Points,HVBP Clinical Outcomes: MORT-30-CABG Measure Score,HVBP Clinical Outcomes: MORT-30-CABG Performance Rate,HVBP Clinical Outcomes: MORT-30-COPD Achievement Points,HVBP Clinical Outcomes: MORT-30-COPD Achievement Threshold,HVBP Clinical Outcomes: MORT-30-COPD Baseline Rate,HVBP Clinical Outcomes: MORT-30-COPD Benchmark,HVBP Clinical Outcomes: MORT-30-COPD Improvement Points,HVBP Clinical Outcomes: MORT-30-COPD Measure Score,HVBP Clinical Outcomes: MORT-30-COPD Performance Rate,HVBP Clinical Outcomes: MORT-30-HF Achievement Points,HVBP Clinical Outcomes: MORT-30-HF Achievement Threshold,HVBP Clinical Outcomes: MORT-30-HF Baseline Rate,HVBP Clinical Outcomes: MORT-30-HF Benchmark,HVBP Clinical Outcomes: MORT-30-HF Improvement Points,HVBP Clinical Outcomes: MORT-30-HF Measure Score,HVBP Clinical Outcomes: MORT-30-HF Performance Rate,HVBP Clinical Outcomes: MORT-30-PN Achievement Points,HVBP Clinical Outcomes: MORT-30-PN Achievement Threshold,HVBP Clinical Outcomes: MORT-30-PN Baseline Rate,HVBP Clinical Outcomes: MORT-30-PN Benchmark,HVBP Clinical Outcomes: MORT-30-PN Improvement Points,HVBP Clinical Outcomes: MORT-30-PN Measure Score,HVBP Clinical Outcomes: MORT-30-PN Performance Rate,HVBP Clinical Outcomes: Combined SSI Measure Score,HVBP Clinical Outcomes: HAI-1 Achievement Points,HVBP Clinical Outcomes: HAI-1 Improvement Points,HVBP Clinical Outcomes: HAI-1 Measure Score,HVBP Clinical Outcomes: HAI-1 Performance_Rate,HVBP Clinical Outcomes: HAI-2 Achievement Points,HVBP Clinical Outcomes: HAI-2 Improvement Points,HVBP Clinical Outcomes: HAI-2 Measure Score,HVBP Clinical Outcomes: HAI-2 Performance Rate,HVBP Clinical Outcomes: HAI-3 Achievement Points,HVBP Clinical Outcomes: HAI-3 Improvement Points,HVBP Clinical Outcomes: HAI-3 Measure Score,HVBP Clinical Outcomes: HAI-3 Performance Rate,HVBP Clinical Outcomes: HAI-4 Achievement Points,HVBP Clinical Outcomes: HAI-4 Improvement Points,HVBP Clinical Outcomes: HAI-4 Measure Score,HVBP Clinical Outcomes: HAI-4 Performance Rate,HVBP Clinical Outcomes: PSI-90 Achievement Points,HVBP Clinical Outcomes: PSI-90 Improvement Points,HVBP Clinical Outcomes: PSI-90 Measure Score,HVBP Clinical Outcomes: PSI-90 Performance Rate,HVBP Clinical Outcomes: HAI-1 Performance Rate,HVBP Efficiency: MSPB-1 Achievement Points,HVBP Efficiency: MSPB-1 Achievement Threshold,HVBP Efficiency: MSPB-1 Baseline Rate,HVBP Efficiency: MSPB-1 Benchmark,HVBP Efficiency: MSPB-1 Improvement Points,HVBP Efficiency: MSPB-1 Measure Score,HVBP Efficiency: MSPB-1 Performance Rate,HVBP Safety: Combined SSI Measure Score,HVBP Safety: HAI-1 Achievement Points,HVBP Safety: HAI-1 Achievement Threshold,HVBP Safety: HAI-1 Baseline Rate,HVBP Safety: HAI-1 Benchmark,HVBP Safety: HAI-1 Improvement Points,HVBP Safety: HAI-1 Measure Score,HVBP Safety: HAI-1 Performance Rate,HVBP Safety: HAI-2 Achievement Points,HVBP Safety: HAI-2 Achievement Threshold,HVBP Safety: HAI-2 Baseline Rate,HVBP Safety: HAI-2 Benchmark,HVBP Safety: HAI-2 Improvement Points,HVBP Safety: HAI-2 Measure Score,HVBP Safety: HAI-2 Performance Rate,HVBP Safety: HAI-3 Achievement Points,HVBP Safety: HAI-3 Achievement Threshold,HVBP Safety: HAI-3 Baseline Rate,HVBP Safety: HAI-3 Benchmark,HVBP Safety: HAI-3 Improvement Points,HVBP Safety: HAI-3 Measure Score,HVBP Safety: HAI-3 Performance Rate,HVBP Safety: HAI-4 Achievement Points,HVBP Safety: HAI-4 Achievement Threshold,HVBP Safety: HAI-4 Baseline Rate,HVBP Safety: HAI-4 Benchmark,HVBP Safety: HAI-4 Improvement Points,HVBP Safety: HAI-4 Measure Score,HVBP Safety: HAI-4 Performance Rate,HVBP Safety: HAI-5 Achievement Points,HVBP Safety: HAI-5 Achievement Threshold,HVBP Safety: HAI-5 Baseline Rate,HVBP Safety: HAI-5 Benchmark,HVBP Safety: HAI-5 Improvement Points,HVBP Safety: HAI-5 Measure Score,HVBP Safety: HAI-5 Performance Rate,HVBP Safety: HAI-6 Achievement Points,HVBP Safety: HAI-6 Achievement Threshold,HVBP Safety: HAI-6 Baseline Rate,HVBP Safety: HAI-6 Benchmark,HVBP Safety: HAI-6 Improvement Points,HVBP Safety: HAI-6 Measure Score,HVBP Safety: HAI-6 Performance Rate,HVBP Safety: COMP-HIP-KNEE Achievement Points,HVBP Safety: COMP-HIP-KNEE Achievement Threshold,HVBP Safety: COMP-HIP-KNEE Baseline Rate,HVBP Safety: COMP-HIP-KNEE Benchmark,HVBP Safety: COMP-HIP-KNEE Improvement Points,HVBP Safety: COMP-HIP-KNEE Measure Score,HVBP Safety: COMP-HIP-KNEE Performance Rate,HVBP Safety: MORT-30-AMI Achievement Points,HVBP Safety: MORT-30-AMI Achievement Threshold,HVBP Safety: MORT-30-AMI Baseline Rate,HVBP Safety: MORT-30-AMI Benchmark,HVBP Safety: MORT-30-AMI Improvement Points,HVBP Safety: MORT-30-AMI Measure Score,HVBP Safety: MORT-30-AMI Performance Rate,HVBP Safety: MORT-30-HF Achievement Points,HVBP Safety: MORT-30-HF Achievement Threshold,HVBP Safety: MORT-30-HF Baseline Rate,HVBP Safety: MORT-30-HF Benchmark,HVBP Safety: MORT-30-HF Improvement Points,HVBP Safety: MORT-30-HF Measure Score,HVBP Safety: MORT-30-HF Performance Rate,HVBP Safety: MORT-30-PN Achievement Points,HVBP Safety: MORT-30-PN Achievement Threshold,HVBP Safety: MORT-30-PN Baseline Rate,HVBP Safety: MORT-30-PN Benchmark,HVBP Safety: MORT-30-PN Improvement Points,HVBP Safety: MORT-30-PN Measure Score,HVBP Safety: MORT-30-PN Performance Rate,HVBP Safety: PC-01 Achievement Points,HVBP Safety: PC-01 Achievement Threshold,HVBP Safety: PC-01 Baseline Rate,HVBP Safety: PC-01 Benchmark,HVBP Safety: PC-01 Improvement Points,HVBP Safety: PC-01 Measure Score,HVBP Safety: PC-01 Performance Rate,HVBP Safety: PSI-90 Achievement Points,HVBP Safety: PSI-90 Achievement Threshold,HVBP Safety: PSI-90 Baseline Rate,HVBP Safety: PSI-90 Benchmark,HVBP Safety: PSI-90 Improvement Points,HVBP Safety: PSI-90 Measure Score,HVBP Safety: PSI-90 Performance Rate,HVBP HCAHPS: Care Transition Achievement Points,HVBP HCAHPS: Care Transition Achievement Threshold,HVBP HCAHPS: Care Transition Baseline Rate,HVBP HCAHPS: Care Transition Benchmark,HVBP HCAHPS: Care Transition Dimension Score,HVBP HCAHPS: Care Transition Floor,HVBP HCAHPS: Care Transition Improvement Points,HVBP HCAHPS: Care Transition Performance Rate,HVBP HCAHPS: Cleanliness and Quietness of Hospital Environment Achievement Points,HVBP HCAHPS: Cleanliness and Quietness of Hospital Environment Achievement Threshold,HVBP HCAHPS: Cleanliness and Quietness of Hospital Environment Baseline Rate,HVBP HCAHPS: Cleanliness and Quietness of Hospital Environment Benchmark,HVBP HCAHPS: Cleanliness and Quietness of Hospital Environment Dimension Score,HVBP HCAHPS: Cleanliness and Quietness of Hospital Environment Floor,HVBP HCAHPS: Cleanliness and Quietness of Hospital Environment Improvement Points,HVBP HCAHPS: Cleanliness and Quietness of Hospital Environment Performance Rate,HVBP HCAHPS: Communication about Medicines Achievement Points,HVBP HCAHPS: Communication about Medicines Achievement Threshold,HVBP HCAHPS: Communication about Medicines Baseline Rate,HVBP HCAHPS: Communication about Medicines Benchmark,HVBP HCAHPS: Communication about Medicines Dimension Score,HVBP HCAHPS: Communication about Medicines Floor,HVBP HCAHPS: Communication about Medicines Improvement Points,HVBP HCAHPS: Communication about Medicines Performance Rate,HVBP HCAHPS: Communication with Doctors Achievement Points,HVBP HCAHPS: Communication with Doctors Achievement Threshold,HVBP HCAHPS: Communication with Doctors Baseline Rate,HVBP HCAHPS: Communication with Doctors Benchmark,HVBP HCAHPS: Communication with Doctors Dimension Score,HVBP HCAHPS: Communication with Doctors Floor,HVBP HCAHPS: Communication with Doctors Improvement Points,HVBP HCAHPS: Communication with Doctors Performance Rate,HVBP HCAHPS: Communication with Nurses Achievement Points,HVBP HCAHPS: Communication with Nurses Achievement Threshold,HVBP HCAHPS: Communication with Nurses Baseline Rate,HVBP HCAHPS: Communication with Nurses Benchmark,HVBP HCAHPS: Communication with Nurses Dimension Score,HVBP HCAHPS: Communication with Nurses Floor,HVBP HCAHPS: Communication with Nurses Improvement Points,HVBP HCAHPS: Communication with Nurses Performance Rate,HVBP HCAHPS: Discharge Information Achievement Points,HVBP HCAHPS: Discharge Information Achievement Threshold,HVBP HCAHPS: Discharge Information Baseline Rate,HVBP HCAHPS: Discharge Information Benchmark,HVBP HCAHPS: Discharge Information Dimension Score,HVBP HCAHPS: Discharge Information Floor,HVBP HCAHPS: Discharge Information Improvement Points,HVBP HCAHPS: Discharge Information Performance Rate,HVBP HCAHPS: HCAHPS Base Score,HVBP HCAHPS: HCAHPS Consistency Score,HVBP HCAHPS: Overall Rating of Hospital Achievement Points,HVBP HCAHPS: Overall Rating of Hospital Achievement Threshold,HVBP HCAHPS: Overall Rating of Hospital Baseline Rate,HVBP HCAHPS: Overall Rating of Hospital Benchmark,HVBP HCAHPS: Overall Rating of Hospital Dimension Score,HVBP HCAHPS: Overall Rating of Hospital Floor,HVBP HCAHPS: Overall Rating of Hospital Improvement Points,HVBP HCAHPS: Overall Rating of Hospital Performance Rate,HVBP HCAHPS: Responsiveness of Hospital Staff Achievement Points,HVBP HCAHPS: Responsiveness of Hospital Staff Achievement Threshold,HVBP HCAHPS: Responsiveness of Hospital Staff Baseline Rate,HVBP HCAHPS: Responsiveness of Hospital Staff Benchmark,HVBP HCAHPS: Responsiveness of Hospital Staff Dimension Score,HVBP HCAHPS: Responsiveness of Hospital Staff Floor,HVBP HCAHPS: Responsiveness of Hospital Staff Improvement Points,HVBP HCAHPS: Responsiveness of Hospital Staff Performance Rate,HVBP HCAHPS: Pain Management Achievement Points,HVBP HCAHPS: Pain Management Achievement Threshold,HVBP HCAHPS: Pain Management Baseline Rate,HVBP HCAHPS: Pain Management Benchmark,HVBP HCAHPS: Pain Management Dimension Score,HVBP HCAHPS: Pain Management Floor,HVBP HCAHPS: Pain Management Improvement Points,HVBP HCAHPS: Pain Management Performance Rate,Outpatient Imaging Efficiency: Abdomen CT Use of Contrast Material,Outpatient Imaging Efficiency: Breast Cancer Screening Recall Rates,Outpatient Imaging Efficiency: MRI Lumbar Spine for Low Back Pain,Outpatient Imaging Efficiency: Mammography Follow-up Rates,Outpatient Imaging Efficiency: Outpatients who got cardiac imaging stress tests before low-risk outpatient surgery,Outpatient Imaging Efficiency: Outpatients with brain CT scans who got a sinus CT scan at the same time,Outpatient Imaging Efficiency: Thorax CT Use of Contrast Material,Payment and Value of Care: Payment for heart attack patients (PAYM_30_AMI) Denominator,Payment and Value of Care: Payment for heart attack patients (PAYM_30_AMI) Payment,Payment and Value of Care: Payment for heart attack patients (PAYM_30_AMI) Higher Estimate,Payment and Value of Care: Payment for heart attack patients (PAYM_30_AMI) Lower Estimate,Payment and Value of Care: Payment for heart failure patients (PAYM_30_HF) Denominator,Payment and Value of Care: Payment for heart failure patients (PAYM_30_HF) Payment,Payment and Value of Care: Payment for heart failure patients (PAYM_30_HF) Higher Estimate,Payment and Value of Care: Payment for heart failure patients (PAYM_30_HF) Lower Estimate,Payment and Value of Care: Payment for hip/knee replacement patients (PAYM_90_HIP_KNEE) Denominator,Payment and Value of Care: Payment for hip/knee replacement patients (PAYM_90_HIP_KNEE) Payment,Payment and Value of Care: Payment for hip/knee replacement patients (PAYM_90_HIP_KNEE) Higher Estimate,Payment and Value of Care: Payment for hip/knee replacement patients (PAYM_90_HIP_KNEE) Lower Estimate,Payment and Value of Care: Payment for pneumonia patients (PAYM_30_PN) Denominator,Payment and Value of Care: Payment for pneumonia patients (PAYM_30_PN) Payment,Payment and Value of Care: Payment for pneumonia patients (PAYM_30_PN) Higher Estimate,Payment and Value of Care: Payment for pneumonia patients (PAYM_30_PN) Lower Estimate,Complications and Deaths: AMI 30-Day Mortality Rate (MORT 30 AMI),Complications and Deaths: Abdominopelvic accidental puncture or laceration rate (PSI 15),Complications and Deaths: Acute Myocardial Infarction 30-Day Readmission Rate (READM 30 AMI),Complications and Deaths: Death rate among surgical inpatients with serious treatable complications (PSI 4),Complications and Deaths: Death rate for CABG surgery patients (MORT 30 CABG),Complications and Deaths: Death rate for COPD patients (MORT 30 COPD),Complications and Deaths: Death rate for stroke patients (MORT 30 STK),Complications and Deaths: Heart failure 30-Day Mortality Rate (MORT 30 HF),Complications and Deaths: Heart failure 30-Day Readmission Rate (READM 30 HF),Complications and Deaths: Hospital-wide readmission rate after discharge from hospital (READM 30 HOSP WIDE),Complications and Deaths: Iatrogenic pneumothorax rate (PSI 6),Complications and Deaths: In-hospital fall with hip fracture rate (PSI 8),Complications and Deaths: Infections from a large venous catheter (PSI 7),Complications and Deaths: Patient safety and adverse events composite (PSI 90),Complications and Deaths: Perioperative hemorrhage or hematoma rate (PSI 9),Complications and Deaths: Perioperative pulmonary embolism or deep vein thrombosis rate (PSI 12),Complications and Deaths: Pneumonia 30-Day Mortality Rate (MORT 30 PN),Complications and Deaths: Pneumonia 30-Day Readmission Rate (READM 30 PN),Complications and Deaths: Postoperative acute kidney injury requiring dialysis rate (PSI 10),Complications and Deaths: Postoperative hemorrhage or hematoma rate (PSI 9),Complications and Deaths: Postoperative respiratory failure rate (PSI 11),Complications and Deaths: Postoperative sepsis rate (PSI 13),Complications and Deaths: Postoperative wound dehiscence rate (PSI 14),Complications and Deaths: Pressure ulcer rate (PSI 3),Complications and Deaths: Rate of complications for hip/knee replacement patients (COMP HIP KNEE),Complications and Deaths: Rate of readmission after hip/knee surgery (READM 30 HIP KNEE),Complications and Deaths: Rate of unplanned readmission for COPD patients (READM 30 COPD),Complications and Deaths: Rate of unplanned readmission for stroke patients (READM 30 STK),Timely and Effective Care: ACEI or ARB for LVSD (Score),Timely and Effective Care: ACEI or ARB for LVSD (Sample),Timely and Effective Care: Admit Decision Time to ED Departure Time for Admitted Patients - non psychiatric/mental health disorders (Score),Timely and Effective Care: Admit Decision Time to ED Departure Time for Admitted Patients - non psychiatric/mental health disorders (Sample),Timely and Effective Care: Admit Decision Time to ED Departure Time for Admitted Patients - psychiatric/mental health disorders (Score),Timely and Effective Care: Admit Decision Time to ED Departure Time for Admitted Patients - psychiatric/mental health disorders (Sample),Timely and Effective Care: Admit Decision Time to ED Departure Time for Admitted Patients  psychiatric/mental health disorders (Score),Timely and Effective Care: Admit Decision Time to ED Departure Time for Admitted Patients  psychiatric/mental health disorders (Sample),Timely and Effective Care: Anticoagulation Therapy for Atrial Fibrillation/Flutter (Score),Timely and Effective Care: Anticoagulation Therapy for Atrial Fibrillation/Flutter (Sample),Timely and Effective Care: Anticoagulation overlap therapy (Score),Timely and Effective Care: Anticoagulation overlap therapy (Sample),Timely and Effective Care: Antithrombotic Therapy by End of Hospital Day 2 (Score),Timely and Effective Care: Antithrombotic Therapy by End of Hospital Day 2 (Sample),Timely and Effective Care: Appropriate care for severe sepsis and septic shock (Score),Timely and Effective Care: Appropriate care for severe sepsis and septic shock (Sample),Timely and Effective Care: Aspirin at Arrival (Score),Timely and Effective Care: Aspirin at Arrival (Sample),Timely and Effective Care: Aspirin prescribed at discharge (Score),Timely and Effective Care: Aspirin prescribed at discharge (Sample),Timely and Effective Care: Assessed for Rehabilitation (Score),Timely and Effective Care: Assessed for Rehabilitation (Sample),Timely and Effective Care: Blood Cultures Performed in the ED Prior to Initial Antibiotic Received in Hospital (Score),Timely and Effective Care: Blood Cultures Performed in the ED Prior to Initial Antibiotic Received in Hospital (Sample),Timely and Effective Care: Cardiac surgery patients with controlled 6 a.m. postoperative blood glucose (Score),Timely and Effective Care: Cardiac surgery patients with controlled 6 a.m. postoperative blood glucose (Sample),Timely and Effective Care: Discharge instructions (Score),Timely and Effective Care: Discharge instructions (Sample),Timely and Effective Care: Discharged on Antithrombotic Therapy (Score),Timely and Effective Care: Discharged on Antithrombotic Therapy (Sample),Timely and Effective Care: Discharged on Statin Medication (Score),Timely and Effective Care: Discharged on Statin Medication (Sample),Timely and Effective Care: Door to diagnostic eval (Score),Timely and Effective Care: Door to diagnostic eval (Sample),Timely and Effective Care: Endoscopy/polyp surveillance: appropriate follow-up interval for normal colonoscopy in average risk patients (Score),Timely and Effective Care: Endoscopy/polyp surveillance: appropriate follow-up interval for normal colonoscopy in average risk patients (Sample),Timely and Effective Care: Endoscopy/polyp surveillance: colonoscopy interval for patients with a history of adenomatous polyps - avoidance of inappropriate use (Score),Timely and Effective Care: Endoscopy/polyp surveillance: colonoscopy interval for patients with a history of adenomatous polyps - avoidance of inappropriate use (Sample),Timely and Effective Care: Evaluation of LVS Function (Score),Timely and Effective Care: Evaluation of LVS Function (Sample),Timely and Effective Care: External Beam Radiotherapy for Bone Metastases (Score),Timely and Effective Care: External Beam Radiotherapy for Bone Metastases (Sample),Timely and Effective Care: Fibrinolytic Therapy Received Within 30 Minutes Of Hospital Arrival (Score),Timely and Effective Care: Fibrinolytic Therapy Received Within 30 Minutes Of Hospital Arrival (Sample),Timely and Effective Care: Fibrinolytic Therapy Received Within 30 Minutes of ED Arrival (Score),Timely and Effective Care: Fibrinolytic Therapy Received Within 30 Minutes of ED Arrival (Sample),Timely and Effective Care: Head CT results (Score),Timely and Effective Care: Head CT results (Sample),Timely and Effective Care: Healthcare workers given influenza vaccination (Score),Timely and Effective Care: Healthcare workers given influenza vaccination (Sample),Timely and Effective Care: Home Management Plan of Care Document (Score),Timely and Effective Care: Home Management Plan of Care Document (Sample),Timely and Effective Care: Hospital acquired potentially preventable venous thromboembolism (Score),Timely and Effective Care: Hospital acquired potentially preventable venous thromboembolism (Sample),Timely and Effective Care: ICU venous thromboembolism prophylaxis (Score),Timely and Effective Care: ICU venous thromboembolism prophylaxis (Sample),Timely and Effective Care: Immunization for influenza (Score),Timely and Effective Care: Immunization for influenza (Sample),Timely and Effective Care: Immunization for pneumonia (Score),Timely and Effective Care: Immunization for pneumonia (Sample),Timely and Effective Care: Improvement in Patients Visual Function within 90 Days Following Cataract Surgery (Score),Timely and Effective Care: Improvement in Patients Visual Function within 90 Days Following Cataract Surgery (Sample),Timely and Effective Care: Incidence of potentially preventable VTE (Score),Timely and Effective Care: Incidence of potentially preventable VTE (Sample),Timely and Effective Care: Initial antibiotic selection for CAP in immunocompetent patient (Score),Timely and Effective Care: Initial antibiotic selection for CAP in immunocompetent patient (Sample),Timely and Effective Care: Intensive Care Unit Venous Thromboembolism Prophylaxis (Score),Timely and Effective Care: Intensive Care Unit Venous Thromboembolism Prophylaxis (Sample),Timely and Effective Care: Left before being seen (Score),Timely and Effective Care: Left before being seen (Sample),Timely and Effective Care: Median Time to ECG (Score),Timely and Effective Care: Median Time to ECG (Sample),Timely and Effective Care: Median Time to Fibrinolysis (Score),Timely and Effective Care: Median Time to Fibrinolysis (Sample),Timely and Effective Care: Median Time to Transfer to Another Facility for Acute Coronary Intervention (Score),Timely and Effective Care: Median Time to Transfer to Another Facility for Acute Coronary Intervention (Sample),Timely and Effective Care: Median time Psychiatric/Mental Health patients spent in the ED before leaving from visit (Score),Timely and Effective Care: Median time Psychiatric/Mental Health patients spent in the ED before leaving from visit (Sample),Timely and Effective Care: Median time patients spent in the ED after a doctor admitted them and before leaving the ED for an inpatient room (Score),Timely and Effective Care: Median time patients spent in the ED after a doctor admitted them and before leaving the ED for an inpatient room (Sample),Timely and Effective Care: Median time patients spent in the ED before leaving from visit (Score),Timely and Effective Care: Median time patients spent in the ED before leaving from visit (Sample),Timely and Effective Care: Median time patients spent in the ED before they were admitted as an inpatient (Score),Timely and Effective Care: Median time patients spent in the ED before they were admitted as an inpatient (Sample),Timely and Effective Care: Median time to pain med (Score),Timely and Effective Care: Median time to pain med (Sample),Timely and Effective Care: Percent of newborns whose deliveries were scheduled 1-3 weeks early when a scheduled delivery was not medically necessary (Score),Timely and Effective Care: Percent of newborns whose deliveries were scheduled 1-3 weeks early when a scheduled delivery was not medically necessary (Sample),Timely and Effective Care: Percentage of healthcare personnel who completed COVID-19 primary vaccination series (Score),Timely and Effective Care: Percentage of healthcare personnel who completed COVID-19 primary vaccination series (Sample),Timely and Effective Care: Postoperative Urinary Catheter Removal (Score),Timely and Effective Care: Postoperative Urinary Catheter Removal (Sample),Timely and Effective Care: Primary PCI Received Within 90 Minutes of Hospital Arrival (Score),Timely and Effective Care: Primary PCI Received Within 90 Minutes of Hospital Arrival (Sample),Timely and Effective Care: Prophylactic Antibiotic Initiated Within One Hour Prior to Surgical Incision (Score),Timely and Effective Care: Prophylactic Antibiotic Initiated Within One Hour Prior to Surgical Incision (Sample),Timely and Effective Care: Prophylactic Antibiotic Selection for Surgical Patients (Score),Timely and Effective Care: Prophylactic Antibiotic Selection for Surgical Patients (Sample),Timely and Effective Care: Prophylactic antibiotic received within 1 hour prior to surgical incision (Score),Timely and Effective Care: Prophylactic antibiotic received within 1 hour prior to surgical incision (Sample),Timely and Effective Care: Prophylactic antibiotics discontinued within 24 hours after surgery end time (Score),Timely and Effective Care: Prophylactic antibiotics discontinued within 24 hours after surgery end time (Sample),Timely and Effective Care: Relievers for Inpatient Asthma (Score),Timely and Effective Care: Relievers for Inpatient Asthma (Sample),Timely and Effective Care: Safe Use of Opioids - Concurrent Prescribing (Score),Timely and Effective Care: Safe Use of Opioids - Concurrent Prescribing (Sample),Timely and Effective Care: Septic Shock 3-Hour Bundle (Score),Timely and Effective Care: Septic Shock 3-Hour Bundle (Sample),Timely and Effective Care: Septic Shock 6-Hour Bundle (Score),Timely and Effective Care: Septic Shock 6-Hour Bundle (Sample),Timely and Effective Care: Severe Sepsis 3-Hour Bundle (Score),Timely and Effective Care: Severe Sepsis 3-Hour Bundle (Sample),Timely and Effective Care: Severe Sepsis 6-Hour Bundle (Score),Timely and Effective Care: Severe Sepsis 6-Hour Bundle (Sample),Timely and Effective Care: Statin at Discharge (Score),Timely and Effective Care: Statin at Discharge (Sample),Timely and Effective Care: Stroke Education (Score),Timely and Effective Care: Stroke Education (Sample),Timely and Effective Care: Surgery Patients Who Received Appropriate Venous Thromboembolism Prophylaxis Within 24 Hours Prior to Surgery to 24 Hours After Surgery (Score),Timely and Effective Care: Surgery Patients Who Received Appropriate Venous Thromboembolism Prophylaxis Within 24 Hours Prior to Surgery to 24 Hours After Surgery (Sample),Timely and Effective Care: Surgery Patients on a Beta Blocker Prior to Arrival Who Received a Beta Blocker During the Perioperative Period (Score),Timely and Effective Care: Surgery Patients on a Beta Blocker Prior to Arrival Who Received a Beta Blocker During the Perioperative Period (Sample),Timely and Effective Care: Surgery Patients with Perioperative Temperature Management (Score),Timely and Effective Care: Surgery Patients with Perioperative Temperature Management (Sample),Timely and Effective Care: Systemic Corticosteroids for Inpatient Asthma (Score),Timely and Effective Care: Systemic Corticosteroids for Inpatient Asthma (Sample),Timely and Effective Care: Thrombolytic Therapy (Score),Timely and Effective Care: Thrombolytic Therapy (Sample),Timely and Effective Care: Unfractionated heparin with dosages/platelet count monitoring (Score),Timely and Effective Care: Unfractionated heparin with dosages/platelet count monitoring (Sample),Timely and Effective Care: Venous Thromboembolism Prophylaxis (Score),Timely and Effective Care: Venous Thromboembolism Prophylaxis (Sample),Timely and Effective Care: Warfarin therapy discharge instructions (Score),Timely and Effective Care: Warfarin therapy discharge instructions (Sample),Hospital Readmissions Reduction Program: READM-30-AMI (Excess Readmission Ratio),Hospital Readmissions Reduction Program: READM-30-AMI (Expected Readmission Rate),Hospital Readmissions Reduction Program: READM-30-AMI (Number of Discharges),Hospital Readmissions Reduction Program: READM-30-AMI (Number of Readmissions),Hospital Readmissions Reduction Program: READM-30-AMI (Predicted Readmission Rate),Hospital Readmissions Reduction Program: READM-30-CABG (Excess Readmission Ratio),Hospital Readmissions Reduction Program: READM-30-CABG (Expected Readmission Rate),Hospital Readmissions Reduction Program: READM-30-CABG (Number of Discharges),Hospital Readmissions Reduction Program: READM-30-CABG (Number of Readmissions),Hospital Readmissions Reduction Program: READM-30-CABG (Predicted Readmission Rate),Hospital Readmissions Reduction Program: READM-30-COPD (Excess Readmission Ratio),Hospital Readmissions Reduction Program: READM-30-COPD (Expected Readmission Rate),Hospital Readmissions Reduction Program: READM-30-COPD (Number of Discharges),Hospital Readmissions Reduction Program: READM-30-COPD (Number of Readmissions),Hospital Readmissions Reduction Program: READM-30-COPD (Predicted Readmission Rate),Hospital Readmissions Reduction Program: READM-30-HF (Excess Readmission Ratio),Hospital Readmissions Reduction Program: READM-30-HF (Expected Readmission Rate),Hospital Readmissions Reduction Program: READM-30-HF (Number of Discharges),Hospital Readmissions Reduction Program: READM-30-HF (Number of Readmissions),Hospital Readmissions Reduction Program: READM-30-HF (Predicted Readmission Rate),Hospital Readmissions Reduction Program: READM-30-HIP-KNEE (Excess Readmission Ratio),Hospital Readmissions Reduction Program: READM-30-HIP-KNEE (Expected Readmission Rate),Hospital Readmissions Reduction Program: READM-30-HIP-KNEE (Number of Discharges),Hospital Readmissions Reduction Program: READM-30-HIP-KNEE (Number of Readmissions),Hospital Readmissions Reduction Program: READM-30-HIP-KNEE (Predicted Readmission Rate),Hospital Readmissions Reduction Program: READM-30-PN (Excess Readmission Ratio),Hospital Readmissions Reduction Program: READM-30-PN (Expected Readmission Rate),Hospital Readmissions Reduction Program: READM-30-PN (Number of Discharges),Hospital Readmissions Reduction Program: READM-30-PN (Number of Readmissions),Hospital Readmissions Reduction Program: READM-30-PN (Predicted Readmission Rate),Hospital Acquired Conditions Reduction Program: CAUTI Score,Hospital Acquired Conditions Reduction Program: CAUTI SIR,Hospital Acquired Conditions Reduction Program: CAUTI W Z Score,Hospital Acquired Conditions Reduction Program: CDI Score,Hospital Acquired Conditions Reduction Program: CDI SIR,Hospital Acquired Conditions Reduction Program: CDI W Z Score,Hospital Acquired Conditions Reduction Program: CLABSI Score,Hospital Acquired Conditions Reduction Program: CLABSI SIR,Hospital Acquired Conditions Reduction Program: CLABSI W Z Score,Hospital Acquired Conditions Reduction Program: MRSA Score,Hospital Acquired Conditions Reduction Program: MRSA SIR,Hospital Acquired Conditions Reduction Program: MRSA W Z Score,Hospital Acquired Conditions Reduction Program: SSI Score,Hospital Acquired Conditions Reduction Program: SSI SIR,Hospital Acquired Conditions Reduction Program: SSI W Z Score,Hospital Acquired Conditions Reduction Program: PSI-90 Score,Hospital Acquired Conditions Reduction Program: PSI-90 W Z Score,Hospital Acquired Conditions Reduction Program: Domain 1 Score,Hospital Acquired Conditions Reduction Program: Domain 2 Score,Hospital Acquired Conditions Reduction Program: Total HAC Score,Hospital Acquired Conditions Reduction Program: Payment Reduction,HCAHPS: Number of Completed Surveys,HCAHPS: Survey Response Rate Percent,HCAHPS: Nurse communication: HCAHPS Linear Mean Value,HCAHPS: Doctor communication: HCAHPS Linear Mean Value,HCAHPS: Staff responsiveness: HCAHPS Linear Mean Value,HCAHPS: Communication about medicines: HCAHPS Linear Mean Value,HCAHPS: Discharge information: HCAHPS Linear Mean Value,HCAHPS: Care transition: HCAHPS Linear Mean Value,HCAHPS: Cleanliness: HCAHPS Linear Mean Value,HCAHPS: Quietness: HCAHPS Linear Mean Value,HCAHPS: Overall hospital rating: HCAHPS Linear Mean Value,HCAHPS: Recommend hospital: HCAHPS Linear Mean Value,HCAHPS: Pain management: HCAHPS Linear Mean Value,HCAHPS: Patients who reported that their nurses Always communicated well: HCAHPS Answer Percent,HCAHPS: Patients who reported that their nurses Sometimes or Never communicated well: HCAHPS Answer Percent,HCAHPS: Patients who reported that their nurses Usually communicated well: HCAHPS Answer Percent,HCAHPS: Patients who reported that their nurses Always treated them with courtesy and respect: HCAHPS Answer Percent,HCAHPS: Patients who reported that their nurses Sometimes or Never treated them with courtesy and respect: HCAHPS Answer Percent,HCAHPS: Patients who reported that their nurses Usually treated them with courtesy and respect: HCAHPS Answer Percent,HCAHPS: Patients who reported that their nurses Always listened carefully to them: HCAHPS Answer Percent,HCAHPS: Patients who reported that their nurses Sometimes or Never listened carefully to them: HCAHPS Answer Percent,HCAHPS: Patients who reported that their nurses Usually listened carefully to them: HCAHPS Answer Percent,HCAHPS: Patients who reported that their nurses Always explained things in a way they could understand: HCAHPS Answer Percent,HCAHPS: Patients who reported that their nurses Sometimes or Never explained things in a way they could understand: HCAHPS Answer Percent,HCAHPS: Patients who reported that their nurses Usually explained things in a way they could understand: HCAHPS Answer Percent,HCAHPS: Patients who reported that their doctors Always communicated well: HCAHPS Answer Percent,HCAHPS: Patients who reported that their doctors Sometimes or Never communicated well: HCAHPS Answer Percent,HCAHPS: Patients who reported that their doctors Usually communicated well: HCAHPS Answer Percent,HCAHPS: Patients who reported that their doctors Always treated them with courtesy and respect: HCAHPS Answer Percent,HCAHPS: Patients who reported that their doctors Sometimes or Never treated them with courtesy and respect: HCAHPS Answer Percent,HCAHPS: Patients who reported that their doctors Usually treated them with courtesy and respect: HCAHPS Answer Percent,HCAHPS: Patients who reported that their doctors Always listened carefully to them: HCAHPS Answer Percent,HCAHPS: Patients who reported that their doctors Sometimes or Never listened carefully to them: HCAHPS Answer Percent,HCAHPS: Patients who reported that their doctors Usually listened carefully to them: HCAHPS Answer Percent,HCAHPS: Patients who reported that their doctors Always explained things in a way they could understand: HCAHPS Answer Percent,HCAHPS: Patients who reported that their doctors Sometimes or Never explained things in a way they could understand: HCAHPS Answer Percent,HCAHPS: Patients who reported that their doctors Usually explained things in a way they could understand: HCAHPS Answer Percent,HCAHPS: Patients who reported that they Always received help as soon as they wanted: HCAHPS Answer Percent,HCAHPS: Patients who reported that they Sometimes or Never received help as soon as they wanted: HCAHPS Answer Percent,HCAHPS: Patients who reported that they Usually received help as soon as they wanted: HCAHPS Answer Percent,HCAHPS: Patients who reported that they Always received help after using the call button as soon as they wanted: HCAHPS Answer Percent,HCAHPS: Patients who reported that they Sometimes or Never received help after using the call button as soon as they wanted: HCAHPS Answer Percent,HCAHPS: Patients who reported that they Usually received help after using the call button as soon as they wanted: HCAHPS Answer Percent,HCAHPS: Patients who reported that they Always received bathroom help as soon as they wanted: HCAHPS Answer Percent,HCAHPS: Patients who reported that they Sometimes or Never received bathroom help as soon as they wanted: HCAHPS Answer Percent,HCAHPS: Patients who reported that they Usually received bathroom help as soon as they wanted: HCAHPS Answer Percent,HCAHPS: Patients who reported that staff Always explained about medicines before giving it to them: HCAHPS Answer Percent,HCAHPS: Patients who reported that staff Sometimes or Never explained about medicines before giving it to them: HCAHPS Answer Percent,HCAHPS: Patients who reported that staff Usually explained about medicines before giving it to them: HCAHPS Answer Percent,HCAHPS: Patients who reported that when receiving new medication the staff Always communicated what the medication was for: HCAHPS Answer Percent,HCAHPS: Patients who reported that when receiving new medication the staff Sometimes or Never communicated what the medication was for: HCAHPS Answer Percent,HCAHPS: Patients who reported that when receiving new medication the staff Usually communicated what the medication was for.: HCAHPS Answer Percent,HCAHPS: Patients who reported that when receiving new medication the staff Always discussed possible side effects: HCAHPS Answer Percent,HCAHPS: Patients who reported that when receiving new medication the staff Sometimes or Never discussed possible side effects: HCAHPS Answer Percent,HCAHPS: Patients who reported that when receiving new medication the staff Usually discussed possible side effects: HCAHPS Answer Percent,"HCAHPS: Patients who reported that NO, they were not given information about what to do during their recovery at home: HCAHPS Answer Percent","HCAHPS: Patients who reported that YES, they were given information about what to do during their recovery at home: HCAHPS Answer Percent","HCAHPS: Patients who reported that NO, they did not discuss whether they would need help after discharge: HCAHPS Answer Percent","HCAHPS: Patients who reported that YES, they did discuss whether they would need help after discharge: HCAHPS Answer Percent","HCAHPS: Patients who reported that NO, they did not receive written information about possible symptoms to look out for after discharge: HCAHPS Answer Percent","HCAHPS: Patients who reported that YES, they did receive written information about possible symptoms to look out for after discharge: HCAHPS Answer Percent",HCAHPS: Patients who Agree they understood their care when they left the hospital: HCAHPS Answer Percent,HCAHPS: Patients who Disagree or Strongly Disagree they understood their care when they left the hospital: HCAHPS Answer Percent,HCAHPS: Patients who Strongly Agree they understood their care when they left the hospital: HCAHPS Answer Percent,HCAHPS: Patients who Agree that the staff took my preferences into account when determining my health care needs: HCAHPS Answer Percent,HCAHPS: Patients who Disagree or Strongly Disagree that the staff took my preferences into account when determining my health care needs: HCAHPS Answer Percent,HCAHPS: Patients who Strongly Agree that the staff took my preferences into account when determining my health care needs: HCAHPS Answer Percent,HCAHPS: Patients who Agree that they understood their responsiblities in managing their health: HCAHPS Answer Percent,HCAHPS: Patients who Disagree or Strongly Disagree that they understood their responsiblities in managing their health: HCAHPS Answer Percent,HCAHPS: Patients who Strongly Agree that they understood their responsiblities in managing their health: HCAHPS Answer Percent,HCAHPS: Patients who Agree that they understood the purposes of their medications when leaving the hospital: HCAHPS Answer Percent,HCAHPS: Patients who Disagree or Strongly Disagree that they understood the purposes of their medications when leaving the hospital: HCAHPS Answer Percent,HCAHPS: Patients who Strongly Agree that they understood the purposes of their medications when leaving the hospital: HCAHPS Answer Percent,HCAHPS: Patients who reported that their room and bathroom were Always clean: HCAHPS Answer Percent,HCAHPS: Patients who reported that their room and bathroom were Sometimes or Never clean: HCAHPS Answer Percent,HCAHPS: Patients who reported that their room and bathroom were Usually clean: HCAHPS Answer Percent,HCAHPS: Patients who reported that the area around their room was Always quiet at night: HCAHPS Answer Percent,HCAHPS: Patients who reported that the area around their room was Sometimes or Never quiet at night: HCAHPS Answer Percent,HCAHPS: Patients who reported that the area around their room was Usually quiet at night: HCAHPS Answer Percent,HCAHPS: Patients who gave their hospital a rating of 6 or lower on a scale from 0 (lowest) to 10 (highest): HCAHPS Answer Percent,HCAHPS: Patients who gave their hospital a rating of 7 or 8 on a scale from 0 (lowest) to 10 (highest): HCAHPS Answer Percent,HCAHPS: Patients who gave their hospital a rating of 9 or 10 on a scale from 0 (lowest) to 10 (highest): HCAHPS Answer Percent,"HCAHPS: Patients who reported NO, they would probably not or definitely not recommend the hospital: HCAHPS Answer Percent","HCAHPS: Patients who reported YES, they would definitely recommend the hospital: HCAHPS Answer Percent","HCAHPS: Patients who reported YES, they would probably recommend the hospital: HCAHPS Answer Percent",HCAHPS: Patients who reported that their pain was Always well controlled: HCAHPS Answer Percent,HCAHPS: Patients who reported that their pain was Sometimes or Never well controlled: HCAHPS Answer Percent,HCAHPS: Patients who reported that their pain was Usually well controlled: HCAHPS Answer Percent,HCAHPS: Nurse communication: Patient Survey Star Rating,HCAHPS: Doctor communication: Patient Survey Star Rating,HCAHPS: Staff responsiveness: Patient Survey Star Rating,HCAHPS: Communication about medicines: Patient Survey Star Rating,HCAHPS: Discharge information: Patient Survey Star Rating,HCAHPS: Care transition: Patient Survey Star Rating,HCAHPS: Cleanliness: Patient Survey Star Rating,HCAHPS: Quietness: Patient Survey Star Rating,HCAHPS: Overall hospital rating: Patient Survey Star Rating,HCAHPS: Recommend hospital: Patient Survey Star Rating,HCAHPS: Summary star rating: Patient Survey Star Rating,HCAHPS: Pain management: Patient Survey Star Rating,Unplanned Visits: 30-Day HF Readmission Rate (Denominator),Unplanned Visits: 30-Day HF Readmission Rate (Score),Unplanned Visits: 30-Day HF Readmission Rate (Higher Estimate),Unplanned Visits: 30-Day HF Readmission Rate (Lower Estimate),Unplanned Visits: 30-Day Hospital-Wide All-Cause Unplanned Readmission Rate (Denominator),Unplanned Visits: 30-Day Hospital-Wide All-Cause Unplanned Readmission Rate (Score),Unplanned Visits: 30-Day Hospital-Wide All-Cause Unplanned Readmission Rate (Higher Estimate),Unplanned Visits: 30-Day Hospital-Wide All-Cause Unplanned Readmission Rate (Lower Estimate),Unplanned Visits: 30-Day Pneumonia Readmission Rate (Denominator),Unplanned Visits: 30-Day Pneumonia Readmission Rate (Score),Unplanned Visits: 30-Day Pneumonia Readmission Rate (Higher Estimate),Unplanned Visits: 30-Day Pneumonia Readmission Rate (Lower Estimate),Unplanned Visits: 30-Day Readmission Rate (Denominator),Unplanned Visits: 30-Day Readmission Rate (Score),Unplanned Visits: 30-Day Readmission Rate (Higher Estimate),Unplanned Visits: 30-Day Readmission Rate (Lower Estimate),Unplanned Visits: 30-Day Readmission Rate after hip/knee replacement (Denominator),Unplanned Visits: 30-Day Readmission Rate after hip/knee replacement (Score),Unplanned Visits: 30-Day Readmission Rate after hip/knee replacement (Higher Estimate),Unplanned Visits: 30-Day Readmission Rate after hip/knee replacement (Lower Estimate),Unplanned Visits: 30-Day Readmission Rate for stroke patients (Denominator),Unplanned Visits: 30-Day Readmission Rate for stroke patients (Score),Unplanned Visits: 30-Day Readmission Rate for stroke patients (Higher Estimate),Unplanned Visits: 30-Day Readmission Rate for stroke patients (Lower Estimate),Unplanned Visits: AMI 30-Day Readmission Rate (Denominator),Unplanned Visits: AMI 30-Day Readmission Rate (Score),Unplanned Visits: AMI 30-Day Readmission Rate (Higher Estimate),Unplanned Visits: AMI 30-Day Readmission Rate (Lower Estimate),Unplanned Visits: CABG 30-Day Readmission Rate (Denominator),Unplanned Visits: CABG 30-Day Readmission Rate (Score),Unplanned Visits: CABG 30-Day Readmission Rate (Higher Estimate),Unplanned Visits: CABG 30-Day Readmission Rate (Lower Estimate),Unplanned Visits: ED visit rate for patients receiving outpatient chemo (Denominator),Unplanned Visits: ED visit rate for patients receiving outpatient chemo (Score),Unplanned Visits: ED visit rate for patients receiving outpatient chemo (Higher Estimate),Unplanned Visits: ED visit rate for patients receiving outpatient chemo (Lower Estimate),Unplanned Visits: Hospital return days for AMI patients (Denominator),Unplanned Visits: Hospital return days for AMI patients (Score),Unplanned Visits: Hospital return days for AMI patients (Higher Estimate),Unplanned Visits: Hospital return days for AMI patients (Lower Estimate),Unplanned Visits: Hospital return days for AMI patients (Number of Patients),Unplanned Visits: Hospital return days for AMI patients (Number of Patients Returned),Unplanned Visits: Hospital return days for HF patients (Denominator),Unplanned Visits: Hospital return days for HF patients (Score),Unplanned Visits: Hospital return days for HF patients (Higher Estimate),Unplanned Visits: Hospital return days for HF patients (Lower Estimate),Unplanned Visits: Hospital return days for HF patients (Number of Patients),Unplanned Visits: Hospital return days for HF patients (Number of Patients Returned),Unplanned Visits: Hospital return days for PN patients (Denominator),Unplanned Visits: Hospital return days for PN patients (Score),Unplanned Visits: Hospital return days for PN patients (Higher Estimate),Unplanned Visits: Hospital return days for PN patients (Lower Estimate),Unplanned Visits: Hospital return days for PN patients (Number of Patients),Unplanned Visits: Hospital return days for PN patients (Number of Patients Returned),Unplanned Visits: Inpatient admit rate for patients receiving outpatient chemo (Score),Unplanned Visits: Inpatient admit rate for patients receiving outpatient chemo (Higher Estimate),Unplanned Visits: Inpatient admit rate for patients receiving outpatient chemo (Lower Estimate),Unplanned Visits: Rate of unplanned visits after colonoscopy (per 1K) (Denominator),Unplanned Visits: Rate of unplanned visits after colonoscopy (per 1K) (Score),Unplanned Visits: Rate of unplanned visits after colonoscopy (per 1K) (Higher Estimate),Unplanned Visits: Rate of unplanned visits after colonoscopy (per 1K) (Lower Estimate),Unplanned Visits: Ratio of unplanned visits after outpatient surgery (Denominator),Unplanned Visits: Ratio of unplanned visits after outpatient surgery (Score),Unplanned Visits: Ratio of unplanned visits after outpatient surgery (Higher Estimate),Unplanned Visits: Ratio of unplanned visits after outpatient surgery (Lower Estimate)
0,330136,MARY IMOGENE BASSETT HOSPITAL,04,2013,,,,,,,,,,,,,,,,,,,,,,,,,,,,,,,,,,,,,,,,,47.254545454545,,,,,,,,,,,,,,,,,,,,,56.363636363636,,,26.0,39.454545454545,,,7.8,,,,,,,,,,,,,,,,,,,,,,,,,,,,,,,,,,,,,,,,,,,,,,,,,,,,,,,,,,,,,,,,,,,,,,,,,,,,,,,,,,,,,,,,,,,,,,,,,,,,,,,,,,,,,,,,,,,,,,,,,,,,,,,,,,,,,,,,,,,,,,,,,,,,,,,,,,,,,,,,,,,,,0.0,,,,0.0,,0.0,,2.0,,,,2.0,,0.0,,0.0,,,,0.0,,0.0,,0.0,,,,0.0,,0.0,,10.0,,,,10.0,,9.0,,12,14,0.0,,,,0.0,,0.0,,0.0,,,,0.0,,0.0,,0.0,,,,0.0,,0.0,,,,,,,,,,,,,,,,,,,,,,,,,,,,,,,,,,,,,,,,,,,,,,,,,,,,,,,,,,,,,,,,,,,,,,,,,,,,,,,,,,,,,,,,,,,,,,,,,,,,,,,,,,,,,,,,,,,,,,,,,,,,,,,,,,,,,,,,,,,,,,,,,,,,,,,,,,,,,,,,,,,,,,,,,,,,,,,,,,,,,,,,,,,,,,,,,,,,,,,,,,,,,,,,,,,,,,,,,,,,,,,,,,,,,,,,,,,,,,,,,,,,,,,,,,,,,,,,,,,,,,,,,,,,,,,,,,,,,,,,,,,,,,,,,,,,,,,,,,,,,,,,,,,,,,,,,,,,,,,,,,,,,,,,,,,,,,,,,,,,,,,,,,,,,,,,,,,,,,,,,,,,,,,,,,,,,,,,,,,,,,,,,,,,,,,,,,,,,,,,,,
1,330136,BASSETT HEALTHCARE,04,2013,,,,,,,,,,,,,,,,,,,,,,,,,,,,,,,,,,,,,,,,,,,,,,,,,,,,,,,,,,,,,,,,,,,,,,,,,,,,,,,,,,,,,,,,,,,,,,,,,,,,,,,,,,,,,,,,,,,,,,,,,,,,,,,,,,,,,,,,,,,,,,,,,,,,,,,,,,,,,,,,,,,,,,,,,,,,,,,,,,,,,,,,,,,,,,,,,,,,,,,,,,,,,,,,,,,,,,,,,,,,,,,,,,,,,,,,,,,,,,,,,,,,,,,,,,,,,,,,,,,,,,,,,,,,,,,,,,,,,,,,,,,,,,,,,,,,,,,,,,,,,,,,,,,,,,,,,,,,,,,,,,,,,,,,,,,,,,,,,,,,,,,,,,,,,,,,,,,,,,,,,,,,,,,,,,,,,,,,,,,,,,,,,,,,,,,,,,,,,,,,,,,,,,,,,,,,,,,,,,,,,,,,,,,,,,,,,,,,,,,,,,,,,,,,,,,,,,,,,,,,,,,,,,,,,,,,,,,,,,,,,,,,,0.9628,18.9,256.0,45.0,18.2,,,,,,,,,,,0.9994,24.8,392.0,97.0,24.8,,,,,,0.9596,19.6,299.0,54.0,18.8,,,,,,,,,,,,,,,,,,,,,,,,,,,,,,,,,,,,,,,,,,,,,,,,,,,,,,,,,,,,,,,,,,,,,,,,,,,,,,,,,,,,,,,,,,,,,,,,,,,,,,,,,,,,,,,,,,,,,,,,,,,,,,,,,,,,,,,,,,,,,,,,,,,,,,,,,,,,,,,,,,,,,,,,,,,,,,,,,,,,,,,,,,
2,330136,MARY IMOGENE BASSETT HOSPITAL,07,2013,,,,,,,,,,,,,,,,,,,,,,,,,,,,,,,,,,,,,,,,,47.254545454545,,,,,,,,,,,,,,,,,,,,,56.363636363636,,,26.0,39.454545454545,,,7.8,,,,,,,,,,,,,,,,,,,,,,,,,,,,,,,,,,,,,,,,,,,,,,,,,,,,,,,,,,,,,,,,,,,,,,,,,,,,,,,,,,,,,,,,,,,,,,,,,,,,,,,,,,,,,,,,,,,,,,,,,,,,,,,,,,,,,,,,,,,,,,,,,,,,,,,,,,,,,,,,,,,,,0.0,,,,0.0,,0.0,,2.0,,,,2.0,,0.0,,0.0,,,,0.0,,0.0,,0.0,,,,0.0,,0.0,,10.0,,,,10.0,,9.0,,12,14,0.0,,,,0.0,,0.0,,0.0,,,,0.0,,0.0,,0.0,,,,0.0,,0.0,,,,,,,,,,,,,,,,,,,,,,,,,,,,,,,,,,,,,,,,,,,,,,,,,,,,,,,,,,,,,,,,,,,,,,,,,,,,,,,,,,,,,,,,,,,,,,,,,,,,,,,,,,,,,,,,,,,,,,,,,,,,,,,,,,,,,,,,,,,,,,,,,,,,,,,,,,,,,,,,,,,,,,,,,,,,,,,,,,,,,,,,,,,,,,,,,,,,,,,,,,,,,,,,,,,,,,,,,,,,,,,,,,,,,,,,,,,,,,,,,,,,,,,,,,,,,,,,,,,,,,,,,,,,,,,,,,,,,,,,,,,,,,,,,,,,,,,,,,,,,,,,,,,,,,,,,,,,,,,,,,,,,,,,,,,,,,,,,,,,,,,,,,,,,,,,,,,,,,,,,,,,,,,,,,,,,,,,,,,,,,,,,,,,,,,,,,,,,,,,,,
3,330136,BASSETT HEALTHCARE,07,2013,,,,,,,,,,,,,,,,,,,,,,,,,,,,,,,,,,,,,,,,,,,,,,,,,,,,,,,,,,,,,,,,,,,,,,,,,,,,,,,,,,,,,,,,,,,,,,,,,,,,,,,,,,,,,,,,,,,,,,,,,,,,,,,,,,,,,,,,,,,,,,,,,,,,,,,,,,,,,,,,,,,,,,,,,,,,,,,,,,,,,,,,,,,,,,,,,,,,,,,,,,,,,,,,,,,,,,,,,,,,,,,,,,,,,,,,,,,,,,,,,,,,,,,,,,,,,,,,,,,,,,,,,,,,,,,,,,,,,,,,,,,,,,,,,,,,,,,,,,,,,,,,,,,,,,,,,,,,,,,,,,,,,,,,,,,,,,,,,,,,,,,,,,,,,,,,,,,,,,,,,,,,,,,,,,,,,,,,,,,,,,,,,,,,,,,,,,,,,,,,,,,,,,,,,,,,,,,,,,,,,,,,,,,,,,,,,,,,,,,,,,,,,,,,,,,,,,,,,,,,,,,,,,,,,,,,,,,,,,,,,,,,,0.9628,18.9,256.0,45.0,18.2,,,,,,,,,,,0.9994,24.8,392.0,97.0,24.8,,,,,,0.9596,19.6,299.0,54.0,18.8,,,,,,,,,,,,,,,,,,,,,,,,,,,,,,,,,,,,,,,,,,,,,,,,,,,,,,,,,,,,,,,,,,,,,,,,,,,,,,,,,,,,,,,,,,,,,,,,,,,,,,,,,,,,,,,,,,,,,,,,,,,,,,,,,,,,,,,,,,,,,,,,,,,,,,,,,,,,,,,,,,,,,,,,,,,,,,,,,,,,,,,,,,
4,330136,MARY IMOGENE BASSETT HOSPITAL,10,2013,,,,,,,,,,,,,,,,,,,,,,,,,,,,,,,,,,,,,,,,,47.254545454545,,,,,,,,,,,,,,,,,,,,,56.363636363636,,,26.0,39.454545454545,,,7.8,,,,,,,,,,,,,,,,,,,,,,,,,,,,,,,,,,,,,,,,,,,,,,,,,,,,,,,,,,,,,,,,,,,,,,,,,,,,,,,,,,,,,,,,,,,,,,,,,,,,,,,,,,,,,,,,,,,,,,,,,,,,,,,,,,,,,,,,,,,,,,,,,,,,,,,,,,,,,,,,,,,,,0.0,,,,0.0,,0.0,,2.0,,,,2.0,,0.0,,0.0,,,,0.0,,0.0,,0.0,,,,0.0,,0.0,,10.0,,,,10.0,,9.0,,12,14,0.0,,,,0.0,,0.0,,0.0,,,,0.0,,0.0,,0.0,,,,0.0,,0.0,,,,,,,,,,,,,,,,,,,,,,,,,,,,,,,,,,,,,,,,,,,,,,,,,,,,,,,,,,,,,,,,,,,,,,,,,,,,,,,,,,,,,,,,,,,,,,,,,,,,,,,,,,,,,,,,,,,,,,,,,,,,,,,,,,,,,,,,,,,,,,,,,,,,,,,,,,,,,,,,,,,,,,,,,,,,,,,,,,,,,,,,,,,0.9876,17.5,247.0,42.0,17.2,,,,,,,,,,,0.9474,22.5,394.0,81.0,21.3,,,,,,0.9034,17.9,301.0,43.0,16.2,,,,,,,,,,,,,,,,,,,,,,,,,,,,,,,,,,,,,,,,,,,,,,,,,,,,,,,,,,,,,,,,,,,,,,,,,,,,,,,,,,,,,,,,,,,,,,,,,,,,,,,,,,,,,,,,,,,,,,,,,,,,,,,,,,,,,,,,,,,,,,,,,,,,,,,,,,,,,,,,,,,,,,,,,,,,,,,,,,,,,,,,,,
5,330136,MARY IMOGENE BASSETT HOSPITAL,01,2014,,,,,,,,,,,,,,,,,,,,,,,,,,,,,,,,,,,,,,,,,53.741666666667,,,,,,,,,,,,,,,,,,,,,60.833333333333,,76.666666666667,24.0,27.375,,19.166666666667,7.2,,,,,,,,,,,,,,,,,,,,,,,,,,,,,,,,,,,,,,,,,,,,,,,,,,,,,,,,,,,,,,,,,,,,,,,,,,,,,,,,,,,,,,,,,,,,,,,,,,,,,,,,,,,,,,,,,,,,,,,,,,,,,,,,,,,,,,,,,,,,,,,,,,,,,,,,,,,,,,,,,,,,,0.0,,,,1.0,,1.0,,1.0,,,,1.0,,0.0,,0.0,,,,0.0,,0.0,,0.0,,,,0.0,,0.0,,8.0,,,,8.0,,0.0,,11,13,0.0,,,,0.0,,0.0,,0.0,,,,0.0,,0.0,,0.0,,,,1.0,,1.0,,,,,,,,,,,,,,,,,,,,,,,,,,,,,,,,,,,,,,,,,,,,,,,,,,,,,,,,,,,,,,,,,,,,,,,,,,,,,,,,,,,,,,,,,,,,,,,,,,,,,,,,,,,,,,,,,,,,,,,,,,,,,,,,,,,,,,,,,,,,,,,,,,,,,,,,,,,,,,,,,,,,,,,,,,,,,,,,,,,,,,,,,,,0.9876,17.5,247.0,42.0,17.2,,,,,,,,,,,0.9474,22.5,394.0,81.0,21.3,,,,,,0.9034,17.9,301.0,43.0,16.2,,,,,,,,,,,,,,,,,,,,,,,,,,,,,,,,,,,,,,,,,,,,,,,,,,,,,,,,,,,,,,,,,,,,,,,,,,,,,,,,,,,,,,,,,,,,,,,,,,,,,,,,,,,,,,,,,,,,,,,,,,,,,,,,,,,,,,,,,,,,,,,,,,,,,,,,,,,,,,,,,,,,,,,,,,,,,,,,,,,,,,,,,,
6,330136,MARY IMOGENE BASSETT HOSPITAL,04,2014,,,,,,,,,,,,,,,,,,,,,,,,,,,,,,,,,,,,,,,,,53.741666666667,,,,,,,,,,,,,,,,,,,,,60.833333333333,,76.666666666667,24.0,27.375,,19.166666666667,7.2,,,,,,,,,,,,,,,,,,,,,,,,,,,,,,,,,,,,,,,,,,,,,,,,,,,,,,,,,,,,,,,,,,,,,,,,,,,,,,,,,,,,,,,,,,,,,,,,,,,,,,,,,,,,,,,,,,,,,,,,,,,,,,,,,,,,,,,,,,,,,,,,,,,,,,,,,,,,,,,,,,,,,0.0,,,,1.0,,1.0,,1.0,,,,1.0,,0.0,,0.0,,,,0.0,,0.0,,0.0,,,,0.0,,0.0,,8.0,,,,8.0,,0.0,,11,13,0.0,,,,0.0,,0.0,,0.0,,,,0.0,,0.0,,0.0,,,,1.0,,1.0,,,,,,,,,,,,,,,,,,,,,,,,,,,,,,,,,,,,,,,,,,,,,,,,,,,,,,,,,,,,,,,,,,,,,,,,,,,,,,,,,,,,,,,,,,,,,,,,,,,,,,,,,,,,,,,,,,,,,,,,,,,,,,,,,,,,,,,,,,,,,,,,,,,,,,,,,,,,,,,,,,,,,,,,,,,,,,,,,,,,,,,,,,,0.9876,17.5,247.0,42.0,17.2,,,,,,,,,,,0.9474,22.5,394.0,81.0,21.3,,,,,,0.9034,17.9,301.0,43.0,16.2,,,,,,,,,,,,,,,,,,,,,,,,,,,,,,,,,,,,,,,,,,,,,,,,,,,,,,,,,,,,,,,,,,,,,,,,,,,,,,,,,,,,,,,,,,,,,,,,,,,,,,,,,,,,,,,,,,,,,,,,,,,,,,,,,,,,,,,,,,,,,,,,,,,,,,,,,,,,,,,,,,,,,,,,,,,,,,,,,,,,,,,,,,
7,330136,MARY IMOGENE BASSETT HOSPITAL,07,2014,0.408,2336.0,,2.0,4.907,,0.068,1.347,1.054,,8.0,7.591,,3300.0,0.489,2.001,0.897,2.0,2.229,0.109,37360.0,3.241,0.772,22.0,28.488,0.484,35869.0,1.169,118.0,4.0,3.75,1.067,0.339,2.573,,65.0,0.0,0.665,,,53.741666666667,,,,,,,,,,,,,,,,,,,,,60.833333333333,,76.666666666667,24.0,27.375,,19.166666666667,7.2,,,,,,,,10.0,,,,9.0,10.0,0.8745,,,,,,,,,,,,,,,0.0,,,,4.0,4.0,0.8855,9.0,,,,9.0,9.0,0.902,,,,,,,,,,,,,,,,,,,,,,,,,,,,,,,,,,,,,,,,,,,,,,,,,,,,,,,,,,,,,,,,,,,,,,,,,,,,,,,,,,,,,,,,,,,,,,,,,,,,,,,,,,,,,,,,,,,,,,,,,,,0.0,,,,1.0,,1.0,,1.0,,,,1.0,,0.0,,0.0,,,,0.0,,0.0,,0.0,,,,0.0,,0.0,,8.0,,,,8.0,,0.0,,11,13,0.0,,,,0.0,,0.0,,0.0,,,,0.0,,0.0,,0.0,,,,1.0,,1.0,,8.5,,40.2,8.9,3.3,,1.3,,,,,,,,,,,,,,,,,14.5,1.79,18.4,108.47,,,,13.0,22.0,16.3,0.25,,,0.52,,3.2,10.4,16.3,,,,,0.47,,3.0,6.6,,,97.0,77.0,,,,,,,,,100.0,61.0,100.0,63.0,,,,,100.0,211.0,98.0,82.0,98.0,85.0,98.0,97.0,94.0,188.0,100.0,66.0,97.0,59.0,37.0,265.0,,,,,100.0,219.0,,,,0.0,,0.0,,,,,,,,,98.0,46.0,90.0,553.0,89.0,706.0,,,,,93.0,55.0,,,1.0,18539.0,,,,0.0,,0.0,,,174.0,276.0,183.0,515.0,372.0,511.0,98.0,27.0,0.0,27.0,,,97.0,439.0,71.0,14.0,98.0,231.0,98.0,281.0,98.0,454.0,98.0,450.0,,,,,,,,,,,,,100.0,197.0,97.0,61.0,98.0,402.0,99.0,267.0,100.0,508.0,,,,,100.0,36.0,95.0,82.0,95.0,44.0,0.9876,17.5,247.0,42.0,17.2,,,,,,,,,,,0.9474,22.5,394.0,81.0,21.3,,,,,,0.9034,17.9,301.0,43.0,16.2,,,,,,,,,,,,,,,,,,,,,,300 or more,34,,,,,,,,,,,,73.0,5.0,22.0,,,,,,,,,,75.0,5.0,20.0,,,,,,,,,,57.0,12.0,31.0,,,,,,,60.0,19.0,21.0,,,,,,,12.0,88.0,,,,,,,,,,,,,,,,,67.0,10.0,23.0,46.0,17.0,37.0,12.0,26.0,62.0,7.0,66.0,27.0,64.0,7.0,29.0,,,,,,,,,,,,,,,,,,,,,,,,,,,,,,,,,,,,,,,,,,,,,,,,,,,,,,,,,,,,,,,,,,,,,,,,,,,,,
8,330136,MARY IMOGENE BASSETT HOSPITAL,10,2014,0.408,2336.0,,2.0,4.907,,0.068,1.347,1.054,,8.0,7.591,,3300.0,0.489,2.001,0.897,2.0,2.229,0.109,37360.0,3.241,0.772,22.0,28.488,0.484,35869.0,1.169,118.0,4.0,3.75,1.067,0.339,2.573,,65.0,0.0,0.665,,,53.741666666667,,,,,,,,,,,,,,,,,,,,,60.833333333333,,76.666666666667,24.0,27.375,,19.166666666667,7.2,,,,,,,,10.0,,,,9.0,10.0,0.8745,,,,,,,,,,,,,,,0.0,,,,4.0,4.0,0.8855,9.0,,,,9.0,9.0,0.902,,,,,,,,,,,,,,,,,,,,,,,,,,,,,,,,,,,,,,,,,,,,,,,,,,,,,,,,,,,,,,,,,,,,,,,,,,,,,,,,,,,,,,,,,,,,,,,,,,,,,,,,,,,,,,,,,,,,,,,,,,,0.0,,,,1.0,,1.0,,1.0,,,,1.0,,0.0,,0.0,,,,0.0,,0.0,,0.0,,,,0.0,,0.0,,8.0,,,,8.0,,0.0,,11,13,0.0,,,,0.0,,0.0,,0.0,,,,0.0,,0.0,,0.0,,,,1.0,,1.0,,8.5,,40.2,8.9,3.3,,1.3,,,,,,,,,,,,,,,,,14.5,1.79,18.4,108.47,,,,13.0,22.0,16.3,0.25,,,0.52,,3.2,10.4,16.3,,,,,0.47,,3.0,6.6,,,97.0,77.0,,,,,,,,,100.0,61.0,100.0,63.0,,,,,100.0,211.0,98.0,82.0,98.0,85.0,98.0,97.0,94.0,188.0,100.0,66.0,97.0,59.0,37.0,265.0,,,,,100.0,219.0,,,,0.0,,0.0,,,,,,,,,98.0,46.0,90.0,553.0,89.0,706.0,,,,,93.0,55.0,,,1.0,18539.0,,,,0.0,,0.0,,,174.0,276.0,183.0,515.0,372.0,511.0,98.0,27.0,0.0,27.0,,,97.0,439.0,71.0,14.0,98.0,231.0,98.0,281.0,98.0,454.0,98.0,450.0,,,,,,,,,,,,,100.0,197.0,97.0,61.0,98.0,402.0,99.0,267.0,100.0,508.0,,,,,100.0,36.0,95.0,82.0,95.0,44.0,0.9876,17.5,247.0,42.0,17.2,,,,,,,,,,,0.9474,22.5,394.0,81.0,21.3,,,,,,0.9034,17.9,301.0,43.0,16.2,,,,,,,,,,,,,,,,,,,,,,300 or more,34,,,,,,,,,,,,73.0,5.0,22.0,,,,,,,,,,75.0,5.0,20.0,,,,,,,,,,57.0,12.0,31.0,,,,,,,60.0,19.0,21.0,,,,,,,12.0,88.0,,,,,,,,,,,,,,,,,67.0,10.0,23.0,46.0,17.0,37.0,12.0,26.0,62.0,7.0,66.0,27.0,64.0,7.0,29.0,,,,,,,,,,,,,,,,,,,,,,,,,,,,,,,,,,,,,,,,,,,,,,,,,,,,,,,,,,,,,,,,,,,,,,,,,,,,,
9,330136,MARY IMOGENE BASSETT HOSPITAL,12,2014,0.384,2483.0,,2.0,5.215,,0.064,1.267,0.995,,8.0,8.042,,3496.0,0.462,1.889,0.675,2.0,2.961,0.082,49586.0,2.44,0.7,27.0,38.58,0.461,47682.0,1.018,119.0,2.0,3.831,0.522,0.088,1.725,,75.0,0.0,0.758,,,26.527272727273,,,,,,,,,,,,,,,,,,,,,33.636363636364,30.000000000000,26.000000000000,20.000000000000,06.727272727273,06.000000000000,07.800000000000,06.000000000000,,,,,,,,9.0,,,,9.0,9.0,0.86142,,,,,,,,,,,,,,,1.0,,,,0.0,1.0,0.88282,0.0,,,,0.0,0.0,0.87126,,1.0,0.0,1.0,,,,,,,,,,,,,,2.0,0.0,2.0,0.58319,0.402,3.0,,,,0.0,3.0,0.94071,,,,,,,,,,,,,,,,,,,,,,,,,,,,,,,,,,,,,,,,,,,,,,,,,,,,,,,,,,,,,,,,,,,,,,,,,,,,,,,,,,,,,,,,,,,,,,0.0,,,,0.0,,0.0,,0.0,,,,0.0,,0.0,,0.0,,,,0.0,,0.0,,0.0,,,,1.0,,1.0,,6.0,,,,6.0,,0.0,,8,12,0.0,,,,0.0,,0.0,,0.0,,,,1.0,,1.0,,0.0,,,,0.0,,0.0,,8.5,,40.2,8.9,3.3,,1.3,,,,,,,,,,,,,,,,,13.3,2.07,17.2,129.57,,10.4,16.7,11.9,21.5,17.2,0.4,,,0.79,,3.23,11.2,17.6,,,,,1.59,,3.3,6.2,20.3,12.4,98.0,53.0,,,,,,,100.0,15.0,100.0,78.0,100.0,89.0,,,,,100.0,143.0,98.0,117.0,,,94.0,35.0,98.0,129.0,100.0,98.0,98.0,82.0,35.0,314.0,,,,,100.0,228.0,,,,0.0,,,,0.0,84.0,2566.0,,,,,96.0,57.0,98.0,561.0,,,,,0.0,12.0,91.0,43.0,,,1.0,18539.0,,,,,,,,,178.0,338.0,176.0,520.0,372.0,441.0,80.0,21.0,5.0,40.0,,,98.0,448.0,,,99.0,189.0,99.0,247.0,97.0,468.0,97.0,457.0,,,,,,,,,,,,,100.0,133.0,95.0,77.0,98.0,406.0,99.0,276.0,100.0,387.0,,,,,100.0,37.0,94.0,119.0,97.0,60.0,0.9603,16.4,248.0,37.0,15.8,,,,,,0.9635,18.4,235.0,39.0,17.7,0.9291,21.8,391.0,75.0,20.3,1.2184,5.2,352.0,26.0,6.4,0.9791,17.3,302.0,50.0,17.0,,,,,,,,,,,,,,,,,,,,,,300 or more,34,,,,,,,,,,,,74.0,5.0,21.0,,,,,,,,,,75.0,6.0,19.0,,,,,,,,,,58.0,11.0,31.0,,,,,,,61.0,19.0,20.0,,,,,,,12.0,88.0,,,,,48.0,5.0,47.0,,,,,,,,,,67.0,10.0,23.0,46.0,16.0,38.0,11.0,26.0,63.0,6.0,66.0,28.0,64.0,8.0,28.0,,,,,,,,,,,,,,,,,,,,,,,,,,,,,,,,,,,,,,,,,,,,,,,,,,,,,,,,,,,,,,,,,,,,,,,,,,,,,
10,330136,BASSETT HEALTHCARE,12,2014,,,,,,,,,,,,,,,,,,,,,,,,,,,,,,,,,,,,,,,,,,,,,,,,,,,,,,,,,,,,,,,,,,,,,,,,,,,,,,,,,,,,,,,,,,,,,,,,,,,,,,,,,,,,,,,,,,,,,,,,,,,,,,,,,,,,,,,,,,,,,,,,,,,,,,,,,,,,,,,,,,,,,,,,,,,,,,,,,,,,,,,,,,,,,,,,,,,,,,,,,,,,,,,,,,,,,,,,,,,,,,,,,,,,,,,,,,,,,,,,,,,,,,,,,,,,,,,,,,,,,,,,,,,,,,,,,,,,,,,,,,,,,,,,,,,,,,,,,,,,,,,,,,,,,,,,,,,,,,,,,,,,,,,,,,,,,,,,,,,,,,,,,,,,,,,,,,,,,,,,,,,,,,,,,,,,,,,,,,,,,,,,,,,,,,,,,,,,,,,,,,,,,,,,,,,,,,,,,,,,,,,,,,,,,,,,,,,,,,,,,,,,,,,,,,,,,,,,,,,,,,,,,,,,,,,,,,,,,,,,,,,,,,,,,,,,,,,,,,,,,,,,,,,,,,,,,,,7.0,,,,,,6.0,,,,,,,,,4.0,,4.0,6.5,5.625,,,,,,,,,,,,,,,,,,,,,,,,,,,,,,,,,,,,,,,,,,,,,,,,,,,,,,,,,,,,,,,,,,,,,,,,,,,,,,,,,,,,,,,,,,,,,,,,,,,,,,,,,,,,,,,,,,,,,,,,,,,,,,,,,,,,,,,,,,,,,,,,,,,,,,,,,,,,,,,,,,,,,,
11,330136,MARY IMOGENE BASSETT HOSPITAL,01,2015,0.384,2483.0,,2.0,5.215,,0.064,1.267,0.995,,8.0,8.042,,3496.0,0.462,1.889,0.675,2.0,2.961,0.082,49586.0,2.44,0.7,27.0,38.58,0.461,47682.0,1.018,119.0,2.0,3.831,0.522,0.088,1.725,,75.0,0.0,0.758,,,26.527272727273,,,,,,,,,,,,,,,,,,,,,33.636363636364,30.000000000000,26.000000000000,20.000000000000,06.727272727273,06.000000000000,07.800000000000,06.000000000000,,,,,,,,9.0,,,,9.0,9.0,0.86142,,,,,,,,,,,,,,,1.0,,,,0.0,1.0,0.88282,0.0,,,,0.0,0.0,0.87126,,1.0,0.0,1.0,,,,,,,,,,,,,,2.0,0.0,2.0,0.58319,0.402,3.0,,,,0.0,3.0,0.94071,,,,,,,,,,,,,,,,,,,,,,,,,,,,,,,,,,,,,,,,,,,,,,,,,,,,,,,,,,,,,,,,,,,,,,,,,,,,,,,,,,,,,,,,,,,,,,0.0,,,,0.0,,0.0,,0.0,,,,0.0,,0.0,,0.0,,,,0.0,,0.0,,0.0,,,,1.0,,1.0,,6.0,,,,6.0,,0.0,,8,12,0.0,,,,0.0,,0.0,,0.0,,,,1.0,,1.0,,0.0,,,,0.0,,0.0,,8.5,,40.2,8.9,3.3,,1.3,,,,,,,,,,,,,,,,,13.3,2.07,17.2,129.57,,10.4,16.7,11.9,21.5,17.2,0.4,,,0.79,,3.23,11.2,17.6,,,,,1.59,,3.3,6.2,20.3,12.4,98.0,53.0,,,,,,,100.0,15.0,100.0,78.0,100.0,89.0,,,,,100.0,143.0,98.0,117.0,,,94.0,35.0,98.0,129.0,100.0,98.0,98.0,82.0,35.0,314.0,,,,,100.0,228.0,,,,0.0,,,,0.0,84.0,2566.0,,,,,96.0,57.0,98.0,561.0,,,,,0.0,12.0,91.0,43.0,,,1.0,18539.0,,,,,,,,,178.0,338.0,176.0,520.0,372.0,441.0,80.0,21.0,5.0,40.0,,,98.0,448.0,,,99.0,189.0,99.0,247.0,97.0,468.0,97.0,457.0,,,,,,,,,,,,,100.0,133.0,95.0,77.0,98.0,406.0,99.0,276.0,100.0,387.0,,,,,100.0,37.0,94.0,119.0,97.0,60.0,0.9603,16.4,248.0,37.0,15.8,,,,,,0.9635,18.4,235.0,39.0,17.7,0.9291,21.8,391.0,75.0,20.3,1.2184,5.2,352.0,26.0,6.4,0.9791,17.3,302.0,50.0,17.0,,,,,,,,,,,,,,,,,,,,,,300 or more,34,,,,,,,,,,,,74.0,5.0,21.0,,,,,,,,,,75.0,6.0,19.0,,,,,,,,,,58.0,11.0,31.0,,,,,,,61.0,19.0,20.0,,,,,,,12.0,88.0,,,,,48.0,5.0,47.0,,,,,,,,,,67.0,10.0,23.0,46.0,16.0,38.0,11.0,26.0,63.0,6.0,66.0,28.0,64.0,8.0,28.0,,,,,,,,,,,,,,,,,,,,,,,,,,,,,,,,,,,,,,,,,,,,,,,,,,,,,,,,,,,,,,,,,,,,,,,,,,,,,
12,330136,BASSETT HEALTHCARE,01,2015,,,,,,,,,,,,,,,,,,,,,,,,,,,,,,,,,,,,,,,,,,,,,,,,,,,,,,,,,,,,,,,,,,,,,,,,,,,,,,,,,,,,,,,,,,,,,,,,,,,,,,,,,,,,,,,,,,,,,,,,,,,,,,,,,,,,,,,,,,,,,,,,,,,,,,,,,,,,,,,,,,,,,,,,,,,,,,,,,,,,,,,,,,,,,,,,,,,,,,,,,,,,,,,,,,,,,,,,,,,,,,,,,,,,,,,,,,,,,,,,,,,,,,,,,,,,,,,,,,,,,,,,,,,,,,,,,,,,,,,,,,,,,,,,,,,,,,,,,,,,,,,,,,,,,,,,,,,,,,,,,,,,,,,,,,,,,,,,,,,,,,,,,,,,,,,,,,,,,,,,,,,,,,,,,,,,,,,,,,,,,,,,,,,,,,,,,,,,,,,,,,,,,,,,,,,,,,,,,,,,,,,,,,,,,,,,,,,,,,,,,,,,,,,,,,,,,,,,,,,,,,,,,,,,,,,,,,,,,,,,,,,,,,,,,,,,,,,,,,,,,,,,,,,,,,,,,,,7.0,,,,,,6.0,,,,,,,,,4.0,,4.0,6.5,5.625,,,,,,,,,,,,,,,,,,,,,,,,,,,,,,,,,,,,,,,,,,,,,,,,,,,,,,,,,,,,,,,,,,,,,,,,,,,,,,,,,,,,,,,,,,,,,,,,,,,,,,,,,,,,,,,,,,,,,,,,,,,,,,,,,,,,,,,,,,,,,,,,,,,,,,,,,,,,,,,,,,,,,,
13,330136,MARY IMOGENE BASSETT HOSPITAL,04,2015,0.949,2509.0,,5.0,5.269,,0.348,2.103,0.676,,6.0,8.872,,3857.0,0.274,1.407,0.0,0.0,3.066,,49893.0,0.977,0.76,31.0,40.777,0.526,48164.0,1.066,128.0,6.0,4.218,1.422,0.577,2.959,,76.0,0.0,0.796,,,26.527272727273,,,,,,,,,,,,,,,,,,,,,33.636363636364,30.000000000000,26.000000000000,20.000000000000,06.727272727273,06.000000000000,07.800000000000,06.000000000000,,,,,,,,9.0,,,,9.0,9.0,0.861423,,,,,,,,,,,,,,,1.0,,,,0.0,1.0,0.882818,0.0,,,,0.0,0.0,0.871261,,1.0,0.0,1.0,0.402,,,,,,,,,,,,,2.0,0.0,2.0,0.583189,,3.0,,,,0.0,3.0,0.940706,,,,,,,,,,,,,,,,,,,,,,,,,,,,,,,,,,,,,,,,,,,,,,,,,,,,,,,,,,,,,,,,,,,,,,,,,,,,,,,,,,,,,,,,,,,,,,0.0,,,,0.0,,0.0,,0.0,,,,0.0,,0.0,,0.0,,,,0.0,,0.0,,0.0,,,,1.0,,1.0,,6.0,,,,6.0,,0.0,,8,12,0.0,,,,0.0,,0.0,,0.0,,,,1.0,,1.0,,0.0,,,,0.0,,0.0,,8.5,,40.2,8.9,3.3,,1.3,,,,,,,,,,,,,,,,,13.3,2.07,17.2,129.57,,10.4,16.7,11.9,21.5,17.2,0.4,,,0.79,,3.23,11.2,17.6,,,,,1.59,,3.3,6.2,20.3,12.4,97.0,69.0,,,,,,,100.0,14.0,100.0,81.0,100.0,92.0,,,,0.0,100.0,183.0,98.0,122.0,,,,,99.0,80.0,100.0,104.0,99.0,84.0,33.0,386.0,,,,,100.0,227.0,,,,0.0,,,,0.0,84.0,2566.0,,,,,97.0,59.0,98.0,561.0,,,,,0.0,13.0,90.0,30.0,,,1.0,18539.0,,0.0,,,,,,,204.0,344.0,169.0,486.0,397.0,424.0,72.0,23.0,5.0,40.0,,,98.0,427.0,,,99.0,184.0,99.0,248.0,98.0,480.0,96.0,468.0,,,,,,,,,,,,,100.0,174.0,96.0,77.0,98.0,389.0,100.0,267.0,100.0,252.0,,,,,100.0,36.0,94.0,123.0,100.0,63.0,0.9603,16.4,248.0,37.0,15.8,,,,,,0.9635,18.4,235.0,39.0,17.7,0.9291,21.8,391.0,75.0,20.3,1.2184,5.2,352.0,26.0,6.4,0.9791,17.3,302.0,50.0,17.0,7.0,,,,,,6.0,,,,,,,,,4.0,,4.0,6.5,5.625,,300 or more,34,,,,,,,,,,,,75.0,5.0,20.0,,,,,,,,,,76.0,6.0,18.0,,,,,,,,,,60.0,10.0,30.0,,,,,,,62.0,18.0,20.0,,,,,,,12.0,88.0,,,,,47.0,5.0,48.0,,,,,,,,,,65.0,10.0,25.0,47.0,15.0,38.0,10.0,26.0,64.0,5.0,68.0,27.0,64.0,8.0,28.0,3.0,2.0,3.0,3.0,4.0,3.0,2.0,1.0,2.0,3.0,3.0,2.0,,,,,,,,,,,,,,,,,,,,,,,,,,,,,,,,,,,,,,,,,,,,,,,,,,,,,,,,,,,,,,,,,
14,330136,MARY IMOGENE BASSETT HOSPITAL,05,2015,0.949,2509.0,,5.0,5.269,,0.348,2.103,0.676,,6.0,8.872,,3857.0,0.274,1.407,0.0,0.0,3.066,,49893.0,0.977,0.76,31.0,40.777,0.526,48164.0,1.066,128.0,6.0,4.218,1.422,0.577,2.959,,76.0,0.0,0.796,,,26.527272727273,,,,,,,,,,,,,,,,,,,,,33.636363636364,30.000000000000,26.000000000000,20.000000000000,06.727272727273,06.000000000000,07.800000000000,06.000000000000,,,,,,,,9.0,,,,9.0,9.0,0.861423,,,,,,,,,,,,,,,1.0,,,,0.0,1.0,0.882818,0.0,,,,0.0,0.0,0.871261,,1.0,0.0,1.0,0.402,,,,,,,,,,,,,2.0,0.0,2.0,0.583189,,3.0,,,,0.0,3.0,0.940706,,,,,,,,,,,,,,,,,,,,,,,,,,,,,,,,,,,,,,,,,,,,,,,,,,,,,,,,,,,,,,,,,,,,,,,,,,,,,,,,,,,,,,,,,,,,,,0.0,,,,0.0,,0.0,,0.0,,,,0.0,,0.0,,0.0,,,,0.0,,0.0,,0.0,,,,1.0,,1.0,,6.0,,,,6.0,,0.0,,8,12,0.0,,,,0.0,,0.0,,0.0,,,,1.0,,1.0,,0.0,,,,0.0,,0.0,,8.5,,40.2,8.9,3.3,,1.3,,,,,,,,,,,,,,,,,13.3,2.07,17.2,129.57,,10.4,16.7,11.9,21.5,17.2,0.4,,,0.79,,3.23,11.2,17.6,,,,,1.59,,3.3,6.2,20.3,12.4,97.0,69.0,,,,,,,100.0,14.0,100.0,81.0,100.0,92.0,,,,0.0,100.0,183.0,98.0,122.0,,,,,99.0,80.0,100.0,104.0,99.0,84.0,33.0,386.0,,,,,100.0,227.0,,,,0.0,,,,0.0,84.0,2566.0,,,,,97.0,59.0,98.0,561.0,,,,,0.0,13.0,90.0,30.0,,,1.0,18539.0,,0.0,,,,,,,204.0,344.0,169.0,486.0,397.0,424.0,72.0,23.0,5.0,40.0,,,98.0,427.0,,,99.0,184.0,99.0,248.0,98.0,480.0,96.0,468.0,,,,,,,,,,,,,100.0,174.0,96.0,77.0,98.0,389.0,100.0,267.0,100.0,252.0,,,,,100.0,36.0,94.0,123.0,100.0,63.0,0.9603,16.4,248.0,37.0,15.8,,,,,,0.9635,18.4,235.0,39.0,17.7,0.9291,21.8,391.0,75.0,20.3,1.2184,5.2,352.0,26.0,6.4,0.9791,17.3,302.0,50.0,17.0,7.0,,,,,,6.0,,,,,,,,,4.0,,4.0,6.5,5.625,,300 or more,34,,,,,,,,,,,,75.0,5.0,20.0,,,,,,,,,,76.0,6.0,18.0,,,,,,,,,,60.0,10.0,30.0,,,,,,,62.0,18.0,20.0,,,,,,,12.0,88.0,,,,,47.0,5.0,48.0,,,,,,,,,,65.0,10.0,25.0,47.0,15.0,38.0,10.0,26.0,64.0,5.0,68.0,27.0,64.0,8.0,28.0,3.0,2.0,3.0,3.0,4.0,3.0,2.0,1.0,2.0,3.0,3.0,2.0,,,,,,,,,,,,,,,,,,,,,,,,,,,,,,,,,,,,,,,,,,,,,,,,,,,,,,,,,,,,,,,,,
15,330136,MARY IMOGENE BASSETT HOSPITAL,07,2015,0.967,2463.0,,5.0,5.172,,0.354,2.143,0.769,,7.0,9.102,,3957.0,0.336,1.521,0.0,0.0,3.254,,49174.0,0.921,0.623,25.0,40.114,0.412,47440.0,0.906,121.0,5.0,3.983,1.255,0.46,2.782,,71.0,0.0,0.789,,,26.527272727273,,,,,,,,,,,,,,,,,,,,,33.636363636364,30.000000000000,26.000000000000,20.000000000000,06.727272727273,06.000000000000,07.800000000000,06.000000000000,,,,,,,,9.0,,,,9.0,9.0,0.861423,,,,,,,,,,,,,,,1.0,,,,0.0,1.0,0.882818,0.0,,,,0.0,0.0,0.871261,,1.0,0.0,1.0,0.402,,,,,,,,,,,,,2.0,0.0,2.0,0.583189,,,,,,,,Not Available,,,,,,,,,,,,,,,,,,,,,,,,,,,,,,,,,,,,,,,,,,,,,,,,,,,,,,,,,,,,,,,,,,,,,,,,,,,,,,,,,,,,,,,,,,,,,,0.0,,,,0.0,,0.0,,0.0,,,,0.0,,0.0,,0.0,,,,0.0,,0.0,,0.0,,,,1.0,,1.0,,6.0,,,,6.0,,0.0,,8,12,0.0,,,,0.0,,0.0,,0.0,,,,1.0,,1.0,,0.0,,,,0.0,,0.0,,8.2,,50.0,7.3,2.2,0.4,1.2,215.0,20549.0,22356.0,19018.0,307.0,13148.0,14211.0,12211.0,,,,,243.0,12143.0,13088.0,11206.0,,2.4,,148.41,,,,,,,0.39,,,0.91,,3.94,,,,,,,1.38,,3.4,,,,97.0,68.0,,,,,,,100.0,15.0,100.0,88.0,100.0,80.0,,,,,100.0,204.0,100.0,112.0,,,,,100.0,34.0,100.0,98.0,100.0,73.0,30.0,384.0,,,,,100.0,236.0,,,,,,,,,84.0,2566.0,,,,,97.0,70.0,98.0,561.0,,,,,0.0,14.0,95.0,21.0,,,1.0,14861.0,,,,,,,,,208.0,353.0,171.0,359.0,401.0,446.0,49.0,28.0,6.0,31.0,,,99.0,408.0,80.0,15.0,100.0,198.0,99.0,257.0,98.0,471.0,97.0,459.0,,,,,,,,,,,,,100.0,197.0,96.0,67.0,100.0,363.0,100.0,252.0,100.0,108.0,,,,,100.0,38.0,96.0,113.0,100.0,68.0,0.9603,16.4,248.0,37.0,15.8,,,,,,0.9635,18.4,235.0,39.0,17.7,0.9291,21.8,391.0,75.0,20.3,1.2184,5.2,352.0,26.0,6.4,0.9791,17.3,302.0,50.0,17.0,7.0,,,,,,6.0,,,,,,,,,4.0,,4.0,6.5,5.625,,300 or more,33,,,,,,,,,,,,76.0,4.0,20.0,,,,,,,,,,76.0,5.0,19.0,,,,,,,,,,63.0,9.0,28.0,,,,,,,64.0,17.0,19.0,,,,,,,12.0,88.0,,,,,47.0,4.0,49.0,,,,,,,,,,64.0,10.0,26.0,47.0,15.0,38.0,9.0,27.0,64.0,5.0,68.0,27.0,64.0,7.0,29.0,3.0,2.0,3.0,4.0,4.0,3.0,2.0,1.0,3.0,3.0,3.0,2.0,,,,,,,,,,,,,,,,,,,,,,,,,,,,,,,,,,,,,,,,,,,,,,,,,,,,,,,,,,,,,,,,,
16,330136,MARY IMOGENE BASSETT HOSPITAL,10,2015,0.868,2195.0,,4.0,4.609,,0.276,2.093,0.548,,5.0,9.118,,3964.0,0.201,1.215,0.0,0.0,3.057,,47746.0,0.98,0.648,25.0,38.564,0.429,46058.0,0.943,135.0,7.0,4.38,1.598,0.699,3.161,,64.0,0.0,0.716,,,26.527272727273,,,,,,,,,,,,,,,,,,,,,33.636363636364,30.000000000000,26.000000000000,20.000000000000,06.727272727273,06.000000000000,07.800000000000,06.000000000000,,,,,,,,9.0,,,,9.0,9.0,0.861423,,,,,,,,,,,,,,,1.0,,,,0.0,1.0,0.882818,0.0,,,,0.0,0.0,0.871261,,1.0,0.0,1.0,0.402,,,,,,,,,,,,,2.0,0.0,2.0,0.583189,,3.0,,,,0.0,3.0,0.940706,,,,,,,,,,,,,,,,,,,,,,,,,,,,,,,,,,,,,,,,,,,,,,,,,,,,,,,,,,,,,,,,,,,,,,,,,,,,,,,,,,,,,,,,,,,,,,0.0,,,,0.0,,0.0,,0.0,,,,0.0,,0.0,,0.0,,,,0.0,,0.0,,0.0,,,,1.0,,1.0,,6.0,,,,6.0,,0.0,,8,12,0.0,,,,0.0,,0.0,,0.0,,,,1.0,,1.0,,0.0,,,,0.0,,0.0,,8.2,,,7.3,2.2,0.4,1.2,215.0,20549.0,22356.0,19018.0,307.0,13148.0,14211.0,12211.0,,,,,243.0,12143.0,13088.0,11206.0,,2.4,,148.41,,,,,,,0.39,,,0.91,,3.94,,,,,,,1.38,,3.4,,,,97.0,65.0,,,,,,,100.0,14.0,100.0,94.0,100.0,66.0,,,,,100.0,205.0,100.0,103.0,,,,,,,99.0,86.0,97.0,66.0,30.0,386.0,,,,,100.0,230.0,,,,,,,,,69.0,2276.0,,,,,98.0,84.0,98.0,561.0,,,,,0.0,12.0,96.0,27.0,,,1.0,14861.0,,,,,,,,,193.0,367.0,172.0,372.0,397.0,451.0,58.0,30.0,4.0,24.0,,,99.0,373.0,88.0,16.0,100.0,184.0,100.0,238.0,100.0,465.0,97.0,453.0,,,,,,,,,,,,,100.0,198.0,92.0,61.0,100.0,355.0,100.0,242.0,,,,,,,100.0,47.0,96.0,107.0,100.0,73.0,1.035,14.9,242.0,39.0,15.4,,,,,,0.9125,17.7,217.0,29.0,16.2,0.9584,20.7,396.0,76.0,19.8,1.1405,5.0,360.0,23.0,5.7,0.9935,16.8,272.0,45.0,16.7,7.0,,,,,,6.0,,,,,,,,,4.0,,4.0,6.5,5.625,,1072,33,91.0,90.0,85.0,80.0,89.0,81.0,85.0,77.0,87.0,88.0,86.0,77.0,4.0,19.0,,,,,,,,,,76.0,5.0,19.0,,,,,,,,,,65.0,8.0,27.0,,,,,,,65.0,16.0,19.0,,,,,,,11.0,89.0,,,,,46.0,4.0,50.0,,,,,,,,,,65.0,8.0,27.0,49.0,15.0,36.0,8.0,26.0,66.0,4.0,71.0,25.0,66.0,6.0,28.0,3.0,2.0,3.0,3.0,4.0,3.0,2.0,2.0,2.0,3.0,3.0,3.0,,,,,,,,,,,,,,,,,,,,,,,,,,,,,,,,,,,,,,,,,,,,,,,,,,,,,,,,,,,,,,,,,
17,330136,MARY IMOGENE BASSETT HOSPITAL,12,2015,0.0,2056.0,955.0,0.0,1.68,0.463,,1.783,0.656,1392.0,2.0,3.05,0.643,4058.0,0.11,2.166,0.0,0.0,2.729,,46903.0,1.098,0.561,21.0,37.409,0.357,45327.0,0.843,119.0,9.0,3.801,2.368,1.155,4.345,,,,,,,29.392857142857,,,,,,,,,,,,,,,,,,,,,51.428571428571,20.000000000000,30.000000000000,29.000000000000,05.142857142857,05.000000000000,12.000000000000,07.250000000000,,,,,,,,10.0,,,,9.0,10.0,0.867321,,,,,,,,,,,,,,,0.0,,,,0.0,0.0,0.871678,3.0,,,,5.0,5.0,0.887735,1.0,0.0,0.0,0.0,0.868,3.0,5.0,5.0,0.548,0.0,1.0,1.0,1.598,,,,Not Available,0.0,0.0,0.0,0.637578,,2.0,,,,0.0,2.0,0.963136,,,,,,,,,,,,,,,,,,,,,,,,,,,,,,,,,,,,,,,,,,,,,,,,,,,,,,,,,,,,,,,,,,,,,,,,,,,,,,,,,,,,,,,,,,,,,,0.0,,,,0.0,,0.0,,3.0,,,,3.0,,3.0,,0.0,,,,0.0,,0.0,,0.0,,,,3.0,,3.0,,7.0,,,,7.0,,4.0,,17,12,0.0,,,,1.0,,1.0,,1.0,,,,3.0,,3.0,,0.0,,,,0.0,,0.0,,8.2,,,7.3,2.2,0.4,1.2,215.0,20549.0,22356.0,19018.0,307.0,13148.0,14211.0,12211.0,,,,,243.0,12143.0,13088.0,11206.0,,2.4,,148.41,,,,,,,0.39,,,0.91,,3.94,,,,,,,1.38,,3.4,,,,,,,,,,,,100.0,12.0,100.0,96.0,100.0,53.0,,,,,,,100.0,80.0,,,,,,,98.0,66.0,97.0,67.0,27.0,386.0,,,,,100.0,161.0,,,,,,,,,69.0,2276.0,,,,,99.0,86.0,88.0,556.0,,,,,,,100.0,15.0,,,1.0,14861.0,,,,,,,,,187.0,409.0,171.0,377.0,390.0,484.0,38.0,29.0,0.0,15.0,,,99.0,255.0,87.0,15.0,,,100.0,338.0,100.0,338.0,97.0,333.0,,,,,,,,,,,,,,,95.0,61.0,100.0,255.0,100.0,167.0,,,,,,,100.0,54.0,94.0,109.0,100.0,77.0,1.035,14.9,242.0,39.0,15.4,,,,,,0.9125,17.7,217.0,29.0,16.2,0.9584,20.7,396.0,76.0,19.8,1.1405,5.0,360.0,23.0,5.7,0.9935,16.8,272.0,45.0,16.7,,,,,,,,,,,,,,,,,,,,,,1078,33,90.0,90.0,84.0,81.0,89.0,81.0,85.0,76.0,87.0,88.0,87.0,76.0,4.0,20.0,,,,,,,,,,76.0,4.0,20.0,,,,,,,,,,63.0,9.0,28.0,,,,,,,65.0,16.0,19.0,,,,,,,11.0,89.0,,,,,47.0,4.0,49.0,,,,,,,,,,66.0,8.0,26.0,48.0,16.0,36.0,8.0,25.0,67.0,4.0,70.0,26.0,67.0,6.0,27.0,3.0,2.0,3.0,3.0,4.0,3.0,2.0,1.0,2.0,3.0,3.0,3.0,,,,,,,,,,,,,,,,,,,,,,,,,,,,,,,,,,,,,,,,,,,,,,,,,,,,,,,,,,,,,,,,,
18,330136,BASSETT HEALTHCARE,12,2015,,,,,,,,,,,,,,,,,,,,,,,,,,,,,,,,,,,,,,,,,,,,,,,,,,,,,,,,,,,,,,,,,,,,,,,,,,,,,,,,,,,,,,,,,,,,,,,,,,,,,,,,,,,,,,,,,,,,,,,,,,,,,,,,,,,,,,,,,,,,,,,,,,,,,,,,,,,,,,,,,,,,,,,,,,,,,,,,,,,,,,,,,,,,,,,,,,,,,,,,,,,,,,,,,,,,,,,,,,,,,,,,,,,,,,,,,,,,,,,,,,,,,,,,,,,,,,,,,,,,,,,,,,,,,,,,,,,,,,,,,,,,,,,,,,,,,,,,,,,,,,,,,,,,,,,,,,,,,,,,,,,,,,,,,,,,,,,,,,,,,,,,,,,,,,,,,,,,,,,,,,,,,,,,,,,,,,,,,,,,,,,,,,,,,,,,,,,,,,,,,,,,,,,,,,,,,,,,,,,,,,,,,,,,,,,,,,,,,,,,,,,,,,,,,,,,,,,,,,,,,,,,,,,,,,,,,,,,,,,,,,,,,,,,,,,,,,,,,,,,,,,,,,,,,,,,,,,5.0,,,,,,8.0,,,,,,6.0,,,8.0,,8.0,6.3333,6.75,,,,,,,,,,,,,,,,,,,,,,,,,,,,,,,,,,,,,,,,,,,,,,,,,,,,,,,,,,,,,,,,,,,,,,,,,,,,,,,,,,,,,,,,,,,,,,,,,,,,,,,,,,,,,,,,,,,,,,,,,,,,,,,,,,,,,,,,,,,,,,,,,,,,,,,,,,,,,,,,,,,,,,
19,330136,MARY IMOGENE BASSETT HOSPITAL,05,2016,0.0,1765.0,1941.0,0.0,3.262,0.0,,0.918,0.242,4098.0,2.0,8.251,0.459,3793.0,0.041,0.801,0.0,0.0,2.655,,46649.0,1.128,0.475,17.0,35.803,0.286,45073.0,0.745,115.0,5.0,3.7,1.351,0.495,2.995,,,,,,,29.392857142857,,,,,,,,,,,,,,,,,,,,,51.428571428571,20.000000000000,30.000000000000,29.000000000000,05.142857142857,05.000000000000,12.000000000000,07.250000000000,,,,,,,,10.0,,,,9.0,10.0,0.867321,,,,,,,,,,,,,,,0.0,,,,0.0,0.0,0.871678,3.0,,,,5.0,5.0,0.887735,1.0,0.0,0.0,0.0,0.868,3.0,5.0,5.0,0.548,0.0,1.0,1.0,1.598,,,,Not Available,0.0,0.0,0.0,0.637578,,2.0,,,,0.0,2.0,0.963136,,,,,,,,,,,,,,,,,,,,,,,,,,,,,,,,,,,,,,,,,,,,,,,,,,,,,,,,,,,,,,,,,,,,,,,,,,,,,,,,,,,,,,,,,,,,,,0.0,,,,0.0,,0.0,,3.0,,,,3.0,,3.0,,0.0,,,,0.0,,0.0,,0.0,,,,3.0,,3.0,,7.0,,,,7.0,,4.0,,17,12,0.0,,,,1.0,,1.0,,1.0,,,,3.0,,3.0,,0.0,,,,0.0,,0.0,,8.2,,48.6,7.3,2.2,0.4,1.2,215.0,20549.0,22356.0,19018.0,307.0,13148.0,14211.0,12211.0,,,,,243.0,12143.0,13088.0,11206.0,,2.4,,148.41,,,,,,,0.39,,,0.91,,3.94,,,,,,,1.38,,3.4,,,,,,,,,,,,,,100.0,88.0,100.0,33.0,,,,,,,100.0,53.0,,,,,,,98.0,41.0,97.0,66.0,24.0,385.0,,,,,100.0,103.0,,,,,,,,,69.0,2276.0,,,,,100.0,86.0,88.0,556.0,,,,,,,100.0,12.0,,,1.0,14861.0,,,,,,,,,179.0,441.0,171.0,374.0,369.0,503.0,32.0,30.0,0.0,14.0,,,100.0,157.0,92.0,12.0,,,100.0,214.0,100.0,214.0,98.0,211.0,,,,,,,,,,,,,,,97.0,61.0,100.0,165.0,100.0,105.0,,,,,,,100.0,56.0,94.0,106.0,100.0,69.0,1.035,14.9,242.0,39.0,15.4,,,,,,0.9125,17.7,217.0,29.0,16.2,0.9584,20.7,396.0,76.0,19.8,1.1405,5.0,360.0,23.0,5.7,0.9935,16.8,272.0,45.0,16.7,,,,,,,,,,,,,,,,,,,,,,1096,32,91.0,90.0,84.0,80.0,89.0,81.0,86.0,77.0,88.0,89.0,87.0,76.0,4.0,20.0,,,,,,,,,,75.0,4.0,21.0,,,,,,,,,,63.0,9.0,28.0,,,,,,,65.0,16.0,19.0,,,,,,,11.0,89.0,,,,,47.0,4.0,49.0,,,,,,,,,,68.0,8.0,24.0,48.0,14.0,38.0,8.0,23.0,69.0,4.0,71.0,25.0,67.0,6.0,27.0,3.0,2.0,3.0,3.0,4.0,3.0,2.0,2.0,3.0,3.0,3.0,3.0,,,,,,,,,,,,,,,,,,,,,,,,,,,,,,,,,,,,,,,,,,,,,,,,,,,,,,,,,,,,,,,,,
20,330136,BASSETT HEALTHCARE,05,2016,,,,,,,,,,,,,,,,,,,,,,,,,,,,,,,,,,,,,,,,,,,,,,,,,,,,,,,,,,,,,,,,,,,,,,,,,,,,,,,,,,,,,,,,,,,,,,,,,,,,,,,,,,,,,,,,,,,,,,,,,,,,,,,,,,,,,,,,,,,,,,,,,,,,,,,,,,,,,,,,,,,,,,,,,,,,,,,,,,,,,,,,,,,,,,,,,,,,,,,,,,,,,,,,,,,,,,,,,,,,,,,,,,,,,,,,,,,,,,,,,,,,,,,,,,,,,,,,,,,,,,,,,,,,,,,,,,,,,,,,,,,,,,,,,,,,,,,,,,,,,,,,,,,,,,,,,,,,,,,,,,,,,,,,,,,,,,,,,,,,,,,,,,,,,,,,,,,,,,,,,,,,,,,,,,,,,,,,,,,,,,,,,,,,,,,,,,,,,,,,,,,,,,,,,,,,,,,,,,,,,,,,,,,,,,,,,,,,,,,,,,,,,,,,,,,,,,,,,,,,,,,,,,,,,,,,,,,,,,,,,,,,,,,,,,,,,,,,,,,,,,,,,,,,,,,,,,,5.0,,,,,,8.0,,,,,,6.0,,,8.0,,8.0,6.3333,6.75,,,,,,,,,,,,,,,,,,,,,,,,,,,,,,,,,,,,,,,,,,,,,,,,,,,,,,,,,,,,,,,,,,,,,,,,,,,,,,,,,,,,,,,,,,,,,,,,,,,,,,,,,,,,,,,,,,,,,,,,,,,,,,,,,,,,,,,,,,,,,,,,,,,,,,,,,,,,,,,,,,,,,,
21,330136,MARY IMOGENE BASSETT HOSPITAL,08,2016,0.0,1672.0,3256.0,0.0,5.512,0.0,,0.543,0.144,6932.0,2.0,13.886,0.23,3773.0,0.024,0.476,0.0,0.0,2.313,,46646.0,1.295,0.545,20.0,36.704,0.342,45086.0,0.827,100.0,4.0,3.179,1.258,0.4,3.035,,53.0,0.0,0.583,,,29.392857142857,,,,,,,,,,,,,,,,,,,,,51.428571428571,20.000000000000,30.000000000000,29.000000000000,05.142857142857,05.000000000000,12.000000000000,07.250000000000,,,,,,,,10.0,,,,9.0,10.0,0.867321,,,,,,,,,,,,,,,0.0,,,,0.0,0.0,0.871678,3.0,,,,5.0,5.0,0.887735,1.0,0.0,0.0,0.0,0.868,3.0,5.0,5.0,0.548,0.0,1.0,1.0,1.598,,,,Not Available,0.0,0.0,0.0,0.637578,,2.0,,,,0.0,2.0,0.963136,,,,,,,,,,,,,,,,,,,,,,,,,,,,,,,,,,,,,,,,,,,,,,,,,,,,,,,,,,,,,,,,,,,,,,,,,,,,,,,,,,,,,,,,,,,,,,0.0,,,,0.0,,0.0,,3.0,,,,3.0,,3.0,,0.0,,,,0.0,,0.0,,0.0,,,,3.0,,3.0,,7.0,,,,7.0,,4.0,,17,12,0.0,,,,1.0,,1.0,,1.0,,,,3.0,,3.0,,0.0,,,,0.0,,0.0,,5.9,,29.4,7.3,2.5,,0.0,211.0,21667.0,23528.0,19978.0,319.0,13416.0,14442.0,12504.0,,,,,188.0,12531.0,13631.0,11453.0,,1.89,,166.63,,,,,,,0.32,0.06,0.25,1.08,,5.92,,,,,,15.97,2.44,0.42,3.5,,,,,,,,,,,,,,100.0,81.0,100.0,17.0,,,,,,,100.0,26.0,,,,,,,95.0,19.0,97.0,65.0,24.0,382.0,69.0,65.0,39.0,142.0,100.0,42.0,,,,,,,,,69.0,2276.0,,,0.0,11.0,100.0,81.0,88.0,556.0,,,,,,,,,,,1.0,17190.0,,,,,,,,,193.0,521.0,168.0,372.0,379.0,542.0,34.0,33.0,0.0,17.0,,,100.0,64.0,,,,,100.0,99.0,100.0,99.0,100.0,98.0,,,,,,,,,,,,,,,97.0,66.0,100.0,77.0,100.0,45.0,,,,,,,100.0,53.0,95.0,108.0,100.0,63.0,1.035,14.9,242.0,39.0,15.4,,,,,,0.9125,17.7,217.0,29.0,16.2,0.9584,20.7,396.0,76.0,19.8,1.1405,5.0,360.0,23.0,5.7,0.9935,16.8,272.0,45.0,16.7,,,,,,,,,,,,,,,,,,,,,,1075,31,90.0,90.0,84.0,79.0,89.0,81.0,86.0,78.0,88.0,88.0,86.0,76.0,4.0,20.0,,,,,,,,,,75.0,5.0,20.0,,,,,,,,,,62.0,10.0,28.0,,,,,,,62.0,17.0,21.0,,,,,,,11.0,89.0,,,,,47.0,4.0,49.0,,,,,,,,,,69.0,9.0,22.0,49.0,13.0,38.0,8.0,24.0,68.0,4.0,70.0,26.0,68.0,7.0,25.0,3.0,2.0,3.0,3.0,4.0,2.0,2.0,2.0,3.0,3.0,3.0,3.0,,,,,,,,,,,,,,,,,,,,,,,,,,,,,,,,,,,,,,,,,,,,,,,,,,,,,,,,,,,,,,,,,
22,330136,BASSETT HEALTHCARE,08,2016,,,,,,,,,,,,,,,,,,,,,,,,,,,,,,,,,,,,,,,,,,,,,,,,,,,,,,,,,,,,,,,,,,,,,,,,,,,,,,,,,,,,,,,,,,,,,,,,,,,,,,,,,,,,,,,,,,,,,,,,,,,,,,,,,,,,,,,,,,,,,,,,,,,,,,,,,,,,,,,,,,,,,,,,,,,,,,,,,,,,,,,,,,,,,,,,,,,,,,,,,,,,,,,,,,,,,,,,,,,,,,,,,,,,,,,,,,,,,,,,,,,,,,,,,,,,,,,,,,,,,,,,,,,,,,,,,,,,,,,,,,,,,,,,,,,,,,,,,,,,,,,,,,,,,,,,,,,,,,,,,,,,,,,,,,,,,,,,,,,,,,,,,,,,,,,,,,,,,,,,,,,,,,,,,,,,,,,,,,,,,,,,,,,,,,,,,,,,,,,,,,,,,,,,,,,,,,,,,,,,,,,,,,,,,,,,,,,,,,,,,,,,,,,,,,,,,,,,,,,,,,,,,,,,,,,,,,,,,,,,,,,,,,,,,,,,,,,,,,,,,,,,,,,,,,,,,,,5.0,,,,,,8.0,,,,,,6.0,,,8.0,,8.0,6.3333,6.75,,,,,,,,,,,,,,,,,,,,,,,,,,,,,,,,,,,,,,,,,,,,,,,,,,,,,,,,,,,,,,,,,,,,,,,,,,,,,,,,,,,,,,,,,,,,,,,,,,,,,,,,,,,,,,,,,,,,,,,,,,,,,,,,,,,,,,,,,,,,,,,,,,,,,,,,,,,,,,,,,,,,,,
23,330136,MARY IMOGENE BASSETT HOSPITAL,11,2016,0.248,4809.0,,2.0,8.072,0.55,0.042,0.819,0.096,,2.0,20.886,0.227,10499.0,0.016,0.316,0.0,0.0,2.382,,48044.0,1.258,0.579,22.0,37.97,0.372,46521.0,0.863,78.0,3.0,2.52,1.19,0.303,3.24,,52.0,0.0,0.57,,,29.392857142857,,,,,,,,,,,,,,,,,,,,,51.428571428571,20.000000000000,30.000000000000,29.000000000000,05.142857142857,05.000000000000,12.000000000000,07.250000000000,,,,,,,,10.0,,,,9.0,10.0,0.867321,,,,,,,,,,,,,,,0.0,,,,0.0,0.0,0.871678,3.0,,,,5.0,5.0,0.887735,1.0,0.0,0.0,0.0,0.868,3.0,5.0,5.0,0.548,0.0,1.0,1.0,1.598,,,,Not Available,0.0,0.0,0.0,0.637578,,2.0,,,,0.0,2.0,0.963136,,,,,,,,,,,,,,,,,,,,,,,,,,,,,,,,,,,,,,,,,,,,,,,,,,,,,,,,,,,,,,,,,,,,,,,,,,,,,,,,,,,,,,,,,,,,,,0.0,,,,0.0,,0.0,,3.0,,,,3.0,,3.0,,0.0,,,,0.0,,0.0,,0.0,,,,3.0,,3.0,,7.0,,,,7.0,,4.0,,17,12,0.0,,,,1.0,,1.0,,1.0,,,,3.0,,3.0,,0.0,,,,0.0,,0.0,,5.9,,29.4,7.3,2.5,,0.0,211.0,21667.0,23528.0,19978.0,319.0,13416.0,14442.0,12504.0,,,,,188.0,12531.0,13631.0,11453.0,,1.89,,166.63,,,,,,,0.32,0.06,0.25,1.08,,5.92,,,,,,15.97,2.44,0.42,3.5,,,,,,,,,,,,,,97.0,67.0,,,,,,,,,,,,,,,,,,,100.0,78.0,22.0,382.0,69.0,65.0,39.0,142.0,,,,,,,,,,,88.0,4142.0,,,0.0,14.0,100.0,71.0,88.0,556.0,,,,,,,,,,,1.0,17190.0,,,,,,,,,216.0,558.0,168.0,370.0,398.0,574.0,35.0,44.0,0.0,16.0,,,,,,,,,,,,,,,,,,,,,,,,,,,,,100.0,70.0,,,,,,,,,,,100.0,37.0,96.0,108.0,100.0,53.0,1.035,14.9,242.0,39.0,15.4,,,,,,0.9125,17.7,217.0,29.0,16.2,0.9584,20.7,396.0,76.0,19.8,1.1405,5.0,360.0,23.0,5.7,0.9935,16.8,272.0,45.0,16.7,,,,,,,,,,,,,,,,,,,,,,1052,30,90.0,90.0,82.0,78.0,89.0,81.0,86.0,78.0,87.0,87.0,86.0,75.0,4.0,21.0,,,,,,,,,,76.0,5.0,19.0,,,,,,,,,,59.0,11.0,30.0,,,,,,,62.0,18.0,20.0,,,,,,,11.0,89.0,,,,,47.0,5.0,48.0,,,,,,,,,,69.0,9.0,22.0,48.0,13.0,39.0,9.0,24.0,67.0,5.0,67.0,28.0,68.0,7.0,25.0,3.0,2.0,2.0,3.0,4.0,2.0,2.0,2.0,3.0,3.0,3.0,3.0,,,,,,,,,,,,,,,,,,,,,,,,,,,,,,,,,,,,,,,,,,,,,,,,,,,,,,,,,,,,,,,,,
24,330136,BASSETT HEALTHCARE,11,2016,,,,,,,,,,,,,,,,,,,,,,,,,,,,,,,,,,,,,,,,,,,,,,,,,,,,,,,,,,,,,,,,,,,,,,,,,,,,,,,,,,,,,,,,,,,,,,,,,,,,,,,,,,,,,,,,,,,,,,,,,,,,,,,,,,,,,,,,,,,,,,,,,,,,,,,,,,,,,,,,,,,,,,,,,,,,,,,,,,,,,,,,,,,,,,,,,,,,,,,,,,,,,,,,,,,,,,,,,,,,,,,,,,,,,,,,,,,,,,,,,,,,,,,,,,,,,,,,,,,,,,,,,,,,,,,,,,,,,,,,,,,,,,,,,,,,,,,,,,,,,,,,,,,,,,,,,,,,,,,,,,,,,,,,,,,,,,,,,,,,,,,,,,,,,,,,,,,,,,,,,,,,,,,,,,,,,,,,,,,,,,,,,,,,,,,,,,,,,,,,,,,,,,,,,,,,,,,,,,,,,,,,,,,,,,,,,,,,,,,,,,,,,,,,,,,,,,,,,,,,,,,,,,,,,,,,,,,,,,,,,,,,,,,,,,,,,,,,,,,,,,,,,,,,,,,,,,,5.0,,,,,,8.0,,,,,,6.0,,,8.0,,8.0,6.3333,6.75,,,,,,,,,,,,,,,,,,,,,,,,,,,,,,,,,,,,,,,,,,,,,,,,,,,,,,,,,,,,,,,,,,,,,,,,,,,,,,,,,,,,,,,,,,,,,,,,,,,,,,,,,,,,,,,,,,,,,,,,,,,,,,,,,,,,,,,,,,,,,,,,,,,,,,,,,,,,,,,,,,,,,,
25,330136,MARY IMOGENE BASSETT HOSPITAL,12,2016,0.504,4809.0,,2.0,3.969,,0.084,1.665,,,,,,,,,0.0,0.0,1.704,,48044.0,1.758,0.754,22.0,29.169,0.485,46521.0,1.123,,3.0,2.239,1.34,0.341,3.647,,,0.0,0.446,,,35.25,,,33.333333333333,,,,,6.666666666667,20.000000000000,,5.000000000000,,,,21.000000000000,5.250000000000,63.333333333333,50.0,2.5,15.833333333333,,,,,,,,,,,,,,,,10.0,0.851458,0.862254,0.871669,9.0,10.0,0.874298,,,,,,,,,,,,,,,0.0,0.881794,0.887304,0.903985,0.0,0.0,0.854048,9.0,0.882986,0.891102,0.908124,9.0,9.0,0.906721,,,,,,,,,,,,,,,,,,,,,,,2.0,0.987666,0.934703,0.829199,0.0,2.0,0.958086,0.0,0.0,0.457,0.384,0.0,0.0,0.0,0.550,7.0,0.845,0.995,0.0,7.0,7.0,0.227,0.0,0.751,0.522,0.0,0.0,0.0,1.190,,0.698,Not Available,0.0,,,Not Available,10.0,0.799,0.675,0.0,9.0,10.0,0.000,3.0,0.75,0.700,0.0,1.0,3.0,0.579,,,,,,,,,,,,,,,,,,,,,,,,,,,,,,,,,,,,0.0,0.777936,0.716927,0.547889,0.0,0.0,0.784859,,,,,,,,,0.0,65.3,56.33,79.39,0.0,44.32,0.0,58.59,0.0,62.88,60.63,73.36,0.0,41.42,0.0,61.52,0.0,80.51,75.02,88.8,0.0,63.58,0.0,75.61,0.0,78.19,74.5,86.61,0.0,58.14,0.0,74.91,5.0,85.91,87.55,91.23,5.0,64.09,2.0,88.63,8,13,0.0,70.02,63.0,84.6,1.0,35.99,1.0,67.26,0.0,65.05,58.01,80.01,0.0,37.29,0.0,58.99,0.0,70.28,64.47,78.33,2.0,49.53,2.0,67.55,5.9,,29.4,7.3,2.5,,0.0,211.0,21667.0,23528.0,19978.0,319.0,13416.0,14442.0,12504.0,,,,,188.0,12531.0,13631.0,11453.0,,1.89,,166.63,,,,,,,0.32,0.06,0.25,1.08,,5.92,,,,,,15.97,2.44,0.42,3.5,,,,,,,,,,,,,,,,,,,,,,,,,,,,,,,,,,,,20.0,382.0,89.0,73.0,76.0,153.0,,,,,,,,,,,88.0,4142.0,,,0.0,20.0,,,94.0,598.0,,,,,,,,,,,1.0,18043.0,,,,,,,,,203.0,599.0,167.0,367.0,394.0,614.0,37.0,53.0,0.0,15.0,,,,,,,,,,,,,,,,,,,,,,,,,,,,,,,,,,,,,,,,,,,,,100.0,55.0,1.0683,14.5154,240.0,41.0,15.5067,1.0435,13.1121,77.0,12.0,13.6821,0.9075,17.4999,215.0,28.0,15.8814,0.9574,20.2093,396.0,74.0,19.3479,1.0785,4.7926,339.0,19.0,5.169,1.0552,16.1704,312.0,56.0,17.0632,3.0,,,4.0,,,8.0,,,1.0,,,8.0,,,9.0,,9.0,4.8,5.43,No,1035,29,90.0,90.0,83.0,77.0,88.0,81.0,86.0,78.0,88.0,87.0,87.0,75.0,4.0,21.0,,,,,,,,,,76.0,5.0,19.0,,,,,,,,,,59.0,10.0,31.0,,,,,,,60.0,19.0,21.0,,,,,,,12.0,88.0,,,,,47.0,5.0,48.0,,,,,,,,,,68.0,9.0,23.0,49.0,12.0,39.0,8.0,25.0,67.0,5.0,67.0,28.0,68.0,7.0,25.0,3.0,2.0,3.0,3.0,4.0,3.0,2.0,2.0,3.0,3.0,3.0,3.0,,,,,,,,,,,,,,,,,,,,,,,,,,,,,,,,,,,,,,,,,,,,,,,,,,,,,,,,,,,,,,,,,
26,330136,MARY IMOGENE BASSETT HOSPITAL,04,2017,,,,,,,,,,,,,,,,,0.0,0.0,1.706,,48098.0,1.756,0.815,26.0,31.893,0.544,46606.0,1.177,97.0,4.0,2.52,1.587,0.504,3.829,,74.0,0.0,0.658,,,35.25,,,33.333333333333,,,,,6.666666666667,20.000000000000,,5.000000000000,,,,21.000000000000,5.250000000000,63.333333333333,50.0,2.5,15.833333333333,,,,,,,,,,,,,,,,10.0,0.851458,0.862254,0.871669,9.0,10.0,0.874298,,,,,,,,,,,,,,,0.0,0.881794,0.887304,0.903985,0.0,0.0,0.854048,9.0,0.882986,0.891102,0.908124,9.0,9.0,0.906721,,,,,,,,,,,,,,,,,,,,,,,2.0,0.987666,0.934703,0.829199,0.0,2.0,0.958086,0.0,0.0,0.457,0.384,0.0,0.0,0.0,0.550,7.0,0.845,0.995,0.0,7.0,7.0,0.227,0.0,0.751,0.522,0.0,0.0,0.0,1.190,,0.698,Not Available,0.0,,,Not Available,10.0,0.799,0.675,0.0,9.0,10.0,0.000,3.0,0.75,0.700,0.0,1.0,3.0,0.579,,,,,,,,,,,,,,,,,,,,,,,,,,,,,,,,,,,,0.0,0.777936,0.716927,0.547889,0.0,0.0,0.784859,,,,,,,,,0.0,65.3,56.33,79.39,0.0,44.32,0.0,58.59,0.0,62.88,60.63,73.36,0.0,41.42,0.0,61.52,0.0,80.51,75.02,88.8,0.0,63.58,0.0,75.61,0.0,78.19,74.5,86.61,0.0,58.14,0.0,74.91,5.0,85.91,87.55,91.23,5.0,64.09,2.0,88.63,8,13,0.0,70.02,63.0,84.6,1.0,35.99,1.0,67.26,0.0,65.05,58.01,80.01,0.0,37.29,0.0,58.99,0.0,70.28,64.47,78.33,2.0,49.53,2.0,67.55,5.9,,29.4,7.3,2.5,,0.0,211.0,21667.0,23528.0,19978.0,319.0,13416.0,14442.0,12504.0,,,,,188.0,12531.0,13631.0,11453.0,,1.89,,166.63,,,,,,,0.32,0.06,0.25,1.08,,5.92,,,,,,15.97,2.44,0.42,3.5,,,,,,,,,,,,,,,,,,,,,,,,,,,,,,,,,,,,20.0,286.0,89.0,73.0,76.0,153.0,,,,,,,,,,,88.0,4142.0,,,0.0,20.0,,,94.0,598.0,,,,,,,,,,,1.0,18043.0,,,,,,,,,178.0,660.0,167.0,275.0,380.0,677.0,37.0,43.0,0.0,16.0,,,,,,,,,,,,,,,,,,,,,,,,,,,,,,,,,,,,,,,,,,,,,100.0,54.0,1.0683,14.5154,240.0,41.0,15.5067,1.0435,13.1121,77.0,12.0,13.6821,0.9075,17.4999,215.0,28.0,15.8814,0.9574,20.2093,396.0,74.0,19.3479,1.0785,4.7926,339.0,19.0,5.169,1.0552,16.1704,312.0,56.0,17.0632,,,,,,,,,,,,,,,,,,,,,,1027,28,90.0,90.0,81.0,76.0,89.0,80.0,85.0,78.0,87.0,87.0,86.0,75.0,4.0,21.0,,,,,,,,,,76.0,5.0,19.0,,,,,,,,,,57.0,12.0,31.0,,,,,,,59.0,21.0,20.0,,,,,,,11.0,89.0,,,,,48.0,5.0,47.0,,,,,,,,,,66.0,10.0,24.0,50.0,12.0,38.0,9.0,26.0,65.0,5.0,66.0,29.0,66.0,7.0,27.0,3.0,3.0,2.0,2.0,4.0,2.0,2.0,2.0,3.0,3.0,3.0,3.0,,,,,,,,,,,,,,,,,,,,,,,,,,,,,,,,,,,,,,,,,,,,,,,,,,,,,,,,,,,,,,,,,
27,330136,BASSETT HEALTHCARE,04,2017,,,,,,,,,,,,,,,,,,,,,,,,,,,,,,,,,,,,,,,,,,,,,,,,,,,,,,,,,,,,,,,,,,,,,,,,,,,,,,,,,,,,,,,,,,,,,,,,,,,,,,,,,,,,,,,,,,,,,,,,,,,,,,,,,,,,,,,,,,,,,,,,,,,,,,,,,,,,,,,,,,,,,,,,,,,,,,,,,,,,,,,,,,,,,,,,,,,,,,,,,,,,,,,,,,,,,,,,,,,,,,,,,,,,,,,,,,,,,,,,,,,,,,,,,,,,,,,,,,,,,,,,,,,,,,,,,,,,,,,,,,,,,,,,,,,,,,,,,,,,,,,,,,,,,,,,,,,,,,,,,,,,,,,,,,,,,,,,,,,,,,,,,,,,,,,,,,,,,,,,,,,,,,,,,,,,,,,,,,,,,,,,,,,,,,,,,,,,,,,,,,,,,,,,,,,,,,,,,,,,,,,,,,,,,,,,,,,,,,,,,,,,,,,,,,,,,,,,,,,,,,,,,,,,,,,,,,,,,,,,,,,,,,,,,,,,,,,,,,,,,,,,,,,,,,,,,,,3.0,,,4.0,,,8.0,,,1.0,,,8.0,,,9.0,,9.0,4.8,5.43,No,,,,,,,,,,,,,,,,,,,,,,,,,,,,,,,,,,,,,,,,,,,,,,,,,,,,,,,,,,,,,,,,,,,,,,,,,,,,,,,,,,,,,,,,,,,,,,,,,,,,,,,,,,,,,,,,,,,,,,,,,,,,,,,,,,,,,,,,,,,,,,,,,,,,,,,,,,,,,,,,,,,,,
28,330136,MARY IMOGENE BASSETT HOSPITAL,07,2017,,,,,,,,,,,,,,,,,0.0,0.0,1.667,,48112.0,1.797,0.776,24.0,30.919,0.509,46516.0,1.137,108.0,5.0,2.841,1.76,0.645,3.901,,68.0,0.0,0.636,,,35.25,,,33.333333333333,,,,,6.666666666667,20.000000000000,,5.000000000000,,,,21.000000000000,5.250000000000,63.333333333333,50.0,2.5,15.833333333333,,,,,,,,,,,,,,,,10.0,0.851458,0.862254,0.871669,9.0,10.0,0.874298,,,,,,,,,,,,,,,0.0,0.881794,0.887304,0.903985,0.0,0.0,0.854048,9.0,0.882986,0.891102,0.908124,9.0,9.0,0.906721,,,,,,,,,,,,,,,,,,,,,,,2.0,0.987666,0.934703,0.829199,0.0,2.0,0.958086,0.0,0.0,0.457,0.384,0.0,0.0,0.0,0.550,7.0,0.845,0.995,0.0,7.0,7.0,0.227,0.0,0.751,0.522,0.0,0.0,0.0,1.190,,0.698,Not Available,0.0,,,Not Available,10.0,0.799,0.675,0.0,9.0,10.0,0.000,3.0,0.75,0.700,0.0,1.0,3.0,0.579,,,,,,,,,,,,,,,,,,,,,,,,,,,,,,,,,,,,0.0,0.777936,0.716927,0.547889,0.0,0.0,0.784859,,,,,,,,,0.0,65.3,56.33,79.39,0.0,44.32,0.0,58.59,0.0,62.88,60.63,73.36,0.0,41.42,0.0,61.52,0.0,80.51,75.02,88.8,0.0,63.58,0.0,75.61,0.0,78.19,74.5,86.61,0.0,58.14,0.0,74.91,5.0,85.91,87.55,91.23,5.0,64.09,2.0,88.63,8,13,0.0,70.02,63.0,84.6,1.0,35.99,1.0,67.26,0.0,65.05,58.01,80.01,0.0,37.29,0.0,58.99,0.0,70.28,64.47,78.33,2.0,49.53,2.0,67.55,5.4,,43.9,7.0,3.1,0.3,0.2,233.0,21676.0,23346.0,19996.0,300.0,14266.0,15362.0,13220.0,325.0,20792.0,21599.0,20011.0,251.0,15881.0,17039.0,14682.0,11.8,1.89,,166.63,3.2,7.9,14.7,13.2,,,0.32,0.06,0.25,1.08,,5.92,15.6,,,,,15.97,2.44,0.42,3.2,,,,,,,,,,,,,,,,,,,,,,,,,,,,,,,,,,,,15.0,436.0,89.0,73.0,76.0,153.0,,,,,,,,,,,88.0,4142.0,,,0.0,17.0,,,94.0,598.0,,,,,,,,,,,1.0,18043.0,,,,,,,,,156.0,636.0,161.0,424.0,362.0,654.0,38.0,62.0,0.0,14.0,,,,,,,,,,,,,,,,,,,,,,,,,,,,,,,,,,,,,,,,,,,,,100.0,53.0,1.0683,14.5154,240.0,41.0,15.5067,1.0435,13.1121,77.0,12.0,13.6821,0.9075,17.4999,215.0,28.0,15.8814,0.9574,20.2093,396.0,74.0,19.3479,1.0785,4.7926,339.0,19.0,5.169,1.0552,16.1704,312.0,56.0,17.0632,,,,,,,,,,,,,,,,,,,,,,1058,28,90.0,90.0,82.0,77.0,90.0,80.0,84.0,78.0,87.0,87.0,86.0,75.0,4.0,21.0,,,,,,,,,,76.0,5.0,19.0,,,,,,,,,,57.0,11.0,32.0,,,,,,,61.0,21.0,18.0,,,,,,,10.0,90.0,,,,,48.0,5.0,47.0,,,,,,,,,,64.0,10.0,26.0,49.0,13.0,38.0,8.0,26.0,66.0,4.0,67.0,29.0,65.0,7.0,28.0,3.0,2.0,2.0,2.0,4.0,3.0,2.0,2.0,3.0,3.0,3.0,3.0,,,,,,,,,,,,,,,,,,,,,,,,,,,,,,,,,,,,,,,,,,,,,,,,,,,,,,,,,,,,,,,,,
29,330136,BASSETT HEALTHCARE,07,2017,,,,,,,,,,,,,,,,,,,,,,,,,,,,,,,,,,,,,,,,,,,,,,,,,,,,,,,,,,,,,,,,,,,,,,,,,,,,,,,,,,,,,,,,,,,,,,,,,,,,,,,,,,,,,,,,,,,,,,,,,,,,,,,,,,,,,,,,,,,,,,,,,,,,,,,,,,,,,,,,,,,,,,,,,,,,,,,,,,,,,,,,,,,,,,,,,,,,,,,,,,,,,,,,,,,,,,,,,,,,,,,,,,,,,,,,,,,,,,,,,,,,,,,,,,,,,,,,,,,,,,,,,,,,,,,,,,,,,,,,,,,,,,,,,,,,,,,,,,,,,,,,,,,,,,,,,,,,,,,,,,,,,,,,,,,,,,,,,,,,,,,,,,,,,,,,,,,,,,,,,,,,,,,,,,,,,,,,,,,,,,,,,,,,,,,,,,,,,,,,,,,,,,,,,,,,,,,,,,,,,,,,,,,,,,,,,,,,,,,,,,,,,,,,,,,,,,,,,,,,,,,,,,,,,,,,,,,,,,,,,,,,,,,,,,,,,,,,,,,,,,,,,,,,,,,,,,,3.0,,,4.0,,,8.0,,,1.0,,,8.0,,,9.0,,9.0,4.8,5.43,No,,,,,,,,,,,,,,,,,,,,,,,,,,,,,,,,,,,,,,,,,,,,,,,,,,,,,,,,,,,,,,,,,,,,,,,,,,,,,,,,,,,,,,,,,,,,,,,,,,,,,,,,,,,,,,,,,,,,,,,,,,,,,,,,,,,,,,,,,,,,,,,,,,,,,,,,,,,,,,,,,,,,,
30,330136,MARY IMOGENE BASSETT HOSPITAL,10,2017,0.76,5890.0,,4.0,5.266,,0.241,1.832,0.19,,2.0,10.5,,10365.0,0.032,0.629,0.536,1.0,1.864,0.027,49480.0,2.646,0.74,23.0,31.063,0.481,47725.0,1.093,129.0,5.0,3.408,1.467,0.538,3.252,,75.0,0.0,0.686,,,35.25,,,33.333333333333,,,,,6.666666666667,20.000000000000,,5.000000000000,,,,21.000000000000,5.250000000000,63.333333333333,50.0,2.5,15.833333333333,,,,,,,,,,,,,,,,10.0,0.851458,0.862254,0.871669,9.0,10.0,0.874298,,,,,,,,,,,,,,,0.0,0.881794,0.887304,0.903985,0.0,0.0,0.854048,9.0,0.882986,0.891102,0.908124,9.0,9.0,0.906721,,,,,,,,,,,,,,,,,,,,,,,2.0,0.987666,0.934703,0.829199,0.0,2.0,0.958086,0.0,0.0,0.457,0.384,0.0,0.0,0.0,0.550,7.0,0.845,0.995,0.0,7.0,7.0,0.227,0.0,0.751,0.522,0.0,0.0,0.0,1.190,,0.698,Not Available,0.0,,,Not Available,10.0,0.799,0.675,0.0,9.0,10.0,0.000,3.0,0.75,0.700,0.0,1.0,3.0,0.579,,,,,,,,,,,,,,,,,,,,,,,,,,,,,,,,,,,,0.0,0.777936,0.716927,0.547889,0.0,0.0,0.784859,,,,,,,,,0.0,65.3,56.33,79.39,0.0,44.32,0.0,58.59,0.0,62.88,60.63,73.36,0.0,41.42,0.0,61.52,0.0,80.51,75.02,88.8,0.0,63.58,0.0,75.61,0.0,78.19,74.5,86.61,0.0,58.14,0.0,74.91,5.0,85.91,87.55,91.23,5.0,64.09,2.0,88.63,8,13,0.0,70.02,63.0,84.6,1.0,35.99,1.0,67.26,0.0,65.05,58.01,80.01,0.0,37.29,0.0,58.99,0.0,70.28,64.47,78.33,2.0,49.53,2.0,67.55,5.4,,43.9,7.0,3.1,0.3,0.2,233.0,21676.0,23346.0,19996.0,300.0,14266.0,15362.0,13220.0,325.0,20792.0,21599.0,20011.0,251.0,15881.0,17039.0,14682.0,11.8,0.81,,144.0,3.2,7.9,14.7,13.2,,,0.37,0.1,,1.11,4.98,4.51,15.6,,1.17,,13.7,6.53,2.61,0.39,3.2,,,,,,,,,,,,,,,,,,,,,,,,,,,,,,,,,,,,13.0,434.0,89.0,73.0,76.0,153.0,,,,,,,,,,,86.0,4241.0,,,0.0,18.0,,,94.0,598.0,,,,,,,,,,,1.0,18043.0,,,,,,,,,143.0,637.0,159.0,423.0,349.0,655.0,42.0,55.0,0.0,17.0,,,,,,,,,,,,,,,,,,,,,,,,,,,,,,,,,,,,,,,,,,,,,100.0,56.0,1.0683,14.5154,240.0,41.0,15.5067,1.0435,13.1121,77.0,12.0,13.6821,0.9075,17.4999,215.0,28.0,15.8814,0.9574,20.2093,396.0,74.0,19.3479,1.0785,4.7926,339.0,19.0,5.169,1.0552,16.1704,312.0,56.0,17.0632,,,,,,,,,,,,,,,,,,,,,,1055,28,91.0,90.0,82.0,76.0,90.0,80.0,83.0,78.0,87.0,87.0,85.0,76.0,4.0,20.0,,,,,,,,,,76.0,4.0,20.0,,,,,,,,,,57.0,10.0,33.0,,,,,,,59.0,22.0,19.0,,,,,,,10.0,90.0,,,,,49.0,5.0,46.0,,,,,,,,,,64.0,11.0,25.0,48.0,12.0,40.0,8.0,26.0,66.0,4.0,68.0,28.0,64.0,7.0,29.0,3.0,2.0,2.0,2.0,4.0,3.0,2.0,2.0,3.0,3.0,3.0,3.0,,,,,,,,,,,,,,,,,,,,,,,,,,,,,,,,,,,,,,,,,,,,,,,,,,,,,,,,,,,,,,,,,
31,330136,BASSETT HEALTHCARE,10,2017,,,,,,,,,,,,,,,,,,,,,,,,,,,,,,,,,,,,,,,,,,,,,,,,,,,,,,,,,,,,,,,,,,,,,,,,,,,,,,,,,,,,,,,,,,,,,,,,,,,,,,,,,,,,,,,,,,,,,,,,,,,,,,,,,,,,,,,,,,,,,,,,,,,,,,,,,,,,,,,,,,,,,,,,,,,,,,,,,,,,,,,,,,,,,,,,,,,,,,,,,,,,,,,,,,,,,,,,,,,,,,,,,,,,,,,,,,,,,,,,,,,,,,,,,,,,,,,,,,,,,,,,,,,,,,,,,,,,,,,,,,,,,,,,,,,,,,,,,,,,,,,,,,,,,,,,,,,,,,,,,,,,,,,,,,,,,,,,,,,,,,,,,,,,,,,,,,,,,,,,,,,,,,,,,,,,,,,,,,,,,,,,,,,,,,,,,,,,,,,,,,,,,,,,,,,,,,,,,,,,,,,,,,,,,,,,,,,,,,,,,,,,,,,,,,,,,,,,,,,,,,,,,,,,,,,,,,,,,,,,,,,,,,,,,,,,,,,,,,,,,,,,,,,,,,,,,,,3.0,,,4.0,,,8.0,,,1.0,,,8.0,,,9.0,,9.0,4.8,5.43,No,,,,,,,,,,,,,,,,,,,,,,,,,,,,,,,,,,,,,,,,,,,,,,,,,,,,,,,,,,,,,,,,,,,,,,,,,,,,,,,,,,,,,,,,,,,,,,,,,,,,,,,,,,,,,,,,,,,,,,,,,,,,,,,,,,,,,,,,,,,,,,,,,,,,,,,,,,,,,,,,,,,,,
32,330136,MARY IMOGENE BASSETT HOSPITAL,01,2018,0.918,6045.0,,5.0,5.445,,0.336,2.035,0.316,,3.0,9.494,,9312.0,0.08,0.86,0.959,2.0,2.086,0.161,51395.0,3.168,0.793,25.0,31.514,0.525,49601.0,1.154,155.0,6.0,4.025,1.491,0.604,3.1,,78.0,0.0,0.722,,,37.357142857143,,,51.428571428571,,,,,12.857142857143,20.000000000000,,5.000000000000,,60.000000000000,15.000000000000,18.000000000000,4.500000000000,,,,,,,,,,,,,,,,,,,,10.0,0.850916,0.855873,0.873053,9.0,10.0,0.877339,,,,,,,,,,,,,,,0.0,0.883421,0.879074,0.907656,0.0,0.0,0.867846,8.0,0.88286,0.893522,0.9079,7.0,8.0,0.903802,,,,,,,,,,,,,,,,,,,,,,,2.0,0.985777,0.963136,0.832678,0.0,2.0,0.967801,0.0,0.0,0.369,0.868,0.0,0.0,0.0,0.907,8.0,0.906,0.548,0.0,7.0,8.0,0.123,0.0,0.824,1.598,0.0,0.0,0.0,1.517,,0.71,Not Available,0.0,,,Not Available,5.0,0.767,0.000,0.0,0.0,5.0,0.375,3.0,0.805,0.648,0.004,0.0,3.0,0.586,,,,,,,,,,,,,,,,,,,,,,,,,,,,,10.0,0.020408,0.041667,0.0,9.0,10.0,0.000000,10.0,0.964542,0.844662,0.709498,9.0,10.0,0.705057,0.0,51.45,49.59,62.44,0.0,25.21,0.0,46.01,0.0,65.6,57.21,79.0,0.0,40.05,0.0,56.14,0.0,63.37,64.96,73.66,0.0,43.43,0.0,58.51,0.0,80.44,75.83,88.51,0.0,57.39,0.0,76.37,0.0,78.52,76.56,86.68,0.0,55.27,0.0,76.0,6.0,86.6,88.82,91.63,6.0,62.25,2.0,89.63,6,12,0.0,70.23,65.95,84.58,0.0,37.67,0.0,65.94,0.0,65.08,64.76,80.35,0.0,38.4,0.0,56.96,,,,,,,,,5.4,,43.9,7.0,3.1,0.3,0.2,233.0,21676.0,23346.0,19996.0,300.0,14266.0,15362.0,13220.0,325.0,20792.0,21599.0,20011.0,251.0,15881.0,17039.0,14682.0,11.8,0.81,,144.0,3.2,7.9,14.7,13.2,,,0.37,0.1,,1.11,4.98,4.51,15.6,,1.17,,13.7,6.53,2.61,0.39,3.2,,,,,,,,,,,,,,,,,,,,,,,,,,,,,,,,,,,,11.0,430.0,90.0,81.0,95.0,134.0,,,100.0,72.0,,,,,,,86.0,4241.0,,,0.0,14.0,,,97.0,590.0,,,,,,,,,,,0.0,15903.0,,,,,,,,,136.0,603.0,160.0,428.0,332.0,619.0,44.0,49.0,0.0,31.0,,,,,,,,,,,,,,,,,,,,,,,,,,,,,,,,,,,,,,,,,,,,,,,1.0144,14.6,271.0,41.0,14.8,0.9504,13.1,,,12.4,0.991,17.7,203.0,35.0,17.6,0.903,20.3,399.0,67.0,18.3,0.9929,4.6,328.0,15.0,4.6,0.9505,16.4,295.0,43.0,15.5,,,,,,,,,,,,,,,,,,,,,,1054,27,90.0,90.0,82.0,75.0,90.0,80.0,82.0,77.0,86.0,87.0,85.0,75.0,4.0,21.0,,,,,,,,,,75.0,5.0,20.0,,,,,,,,,,57.0,11.0,32.0,,,,,,,57.0,22.0,21.0,,,,,,,10.0,90.0,,,,,50.0,5.0,45.0,,,,,,,,,,62.0,12.0,26.0,47.0,13.0,40.0,10.0,25.0,65.0,5.0,67.0,28.0,62.0,8.0,30.0,3.0,3.0,2.0,2.0,4.0,3.0,1.0,2.0,2.0,3.0,3.0,3.0,396.0,20.4,23.7,17.6,2593.0,16.2,17.2,15.2,291.0,16.8,19.9,14.2,200.0,19.4,22.9,16.2,328.0,4.4,6.0,3.2,154.0,11.5,14.5,9.0,271.0,16.5,19.3,13.9,84.0,13.1,17.1,9.8,,,,,271.0,13.5,33.1,-2.8,,,396.0,19.1,41.2,-0.9,,,,,,,,,,,,533.0,14.5,20.3,10.3,,,,
33,330136,BASSETT HEALTHCARE,01,2018,,,,,,,,,,,,,,,,,,,,,,,,,,,,,,,,,,,,,,,,,,,,,,,,,,,,,,,,,,,,,,,,,,,,,,,,,,,,,,,,,,,,,,,,,,,,,,,,,,,,,,,,,,,,,,,,,,,,,,,,,,,,,,,,,,,,,,,,,,,,,,,,,,,,,,,,,,,,,,,,,,,,,,,,,,,,,,,,,,,,,,,,,,,,,,,,,,,,,,,,,,,,,,,,,,,,,,,,,,,,,,,,,,,,,,,,,,,,,,,,,,,,,,,,,,,,,,,,,,,,,,,,,,,,,,,,,,,,,,,,,,,,,,,,,,,,,,,,,,,,,,,,,,,,,,,,,,,,,,,,,,,,,,,,,,,,,,,,,,,,,,,,,,,,,,,,,,,,,,,,,,,,,,,,,,,,,,,,,,,,,,,,,,,,,,,,,,,,,,,,,,,,,,,,,,,,,,,,,,,,,,,,,,,,,,,,,,,,,,,,,,,,,,,,,,,,,,,,,,,,,,,,,,,,,,,,,,,,,,,,,,,,,,,,,,,,,,,,,,,,,,,,,,,,,,,,,,,,,-1.208,,,-0.3793,,,-0.4506,,,-1.0207,,,0.5741,,0.9514,0.9514,-0.4969,-0.2797,No,,,,,,,,,,,,,,,,,,,,,,,,,,,,,,,,,,,,,,,,,,,,,,,,,,,,,,,,,,,,,,,,,,,,,,,,,,,,,,,,,,,,,,,,,,,,,,,,,,,,,,,,,,,,,,,,,,,,,,,,,,,,,,,,,,,,,,,,,,,,,,,,,,,,,,,,,,,,,,,,,,,,,
34,330136,MARY IMOGENE BASSETT HOSPITAL,05,2018,0.876,6316.0,,5.0,5.705,,0.321,1.943,0.544,,5.0,9.197,,9035.0,0.199,1.205,1.458,3.0,2.057,0.371,51664.0,3.969,0.742,22.0,29.65,0.477,49749.0,1.105,158.0,5.0,4.151,1.205,0.441,2.67,,67.0,0.0,0.644,,,37.357142857143,,,51.428571428571,,,,,12.857142857143,20.000000000000,,5.000000000000,,60.000000000000,15.000000000000,18.000000000000,4.500000000000,,,,,,,,,,,,,,,,,,,,10.0,0.850916,0.855873,0.873053,9.0,10.0,0.877339,,,,,,,,,,,,,,,0.0,0.883421,0.879074,0.907656,0.0,0.0,0.867846,8.0,0.88286,0.893522,0.9079,7.0,8.0,0.903802,,,,,,,,,,,,,,,,,,,,,,,2.0,0.985777,0.963136,0.832678,0.0,2.0,0.967801,0.0,0.0,0.369,0.868,0.0,0.0,0.0,0.907,8.0,0.906,0.548,0.0,7.0,8.0,0.123,0.0,0.824,1.598,0.0,0.0,0.0,1.517,,0.71,Not Available,0.0,,,Not Available,5.0,0.767,0.000,0.0,0.0,5.0,0.375,3.0,0.805,0.648,0.004,0.0,3.0,0.586,,,,,,,,,,,,,,,,,,,,,,,,,,,,,10.0,0.020408,0.041667,0.0,9.0,10.0,0.000000,10.0,0.964542,0.844662,0.709498,9.0,10.0,0.705057,0.0,51.45,49.59,62.44,0.0,25.21,0.0,46.01,0.0,65.6,57.21,79.0,0.0,40.05,0.0,56.14,0.0,63.37,64.96,73.66,0.0,43.43,0.0,58.51,0.0,80.44,75.83,88.51,0.0,57.39,0.0,76.37,0.0,78.52,76.56,86.68,0.0,55.27,0.0,76.0,6.0,86.6,88.82,91.63,6.0,62.25,2.0,89.63,6,12,0.0,70.23,65.95,84.58,0.0,37.67,0.0,65.94,0.0,65.08,64.76,80.35,0.0,38.4,0.0,56.96,,,,,,,,,5.4,,43.9,7.0,3.1,0.3,0.2,233.0,21676.0,23346.0,19996.0,300.0,14266.0,15362.0,13220.0,325.0,20792.0,21599.0,20011.0,251.0,15881.0,17039.0,14682.0,11.8,0.81,,144.0,3.2,7.9,14.7,13.2,,,0.37,0.1,,1.11,4.98,4.51,15.6,,1.17,,13.7,6.53,2.61,0.39,3.2,,,,,,,,,,,,,,,,,,,,,,,,,,,,,,,,,,,,9.0,368.0,90.0,81.0,95.0,134.0,,,100.0,72.0,,,,,,,86.0,4241.0,,,0.0,16.0,,,97.0,590.0,,,,,,,,,,,0.0,15903.0,,,,,,,,,133.0,491.0,163.0,370.0,321.0,505.0,52.0,54.0,0.0,36.0,,,,,,,,,,,,,,,,,,,,,,,,,,,,,,,,,,,,,,,,,,,,,,,1.0144,14.5817,271.0,41.0,14.7921,0.9504,13.0909,,,12.441,0.991,17.7133,203.0,35.0,17.5543,0.903,20.2812,399.0,67.0,18.3148,0.9929,4.6463,328.0,15.0,4.6135,0.9505,16.3603,295.0,43.0,15.5499,,,,,,,,,,,,,,,,,,,,,,1052,26,90.0,90.0,82.0,75.0,89.0,80.0,81.0,76.0,86.0,87.0,,75.0,4.0,21.0,,,,,,,,,,76.0,5.0,19.0,,,,,,,,,,57.0,10.0,33.0,,,,,,,57.0,22.0,21.0,,,,,,,11.0,89.0,,,,,48.0,5.0,47.0,,,,,,,,,,62.0,13.0,25.0,46.0,14.0,40.0,10.0,24.0,66.0,5.0,67.0,28.0,,,,3.0,2.0,2.0,2.0,4.0,3.0,1.0,2.0,3.0,3.0,3.0,,396.0,20.4,23.7,17.6,2593.0,16.2,17.2,15.2,291.0,16.8,19.9,14.2,200.0,19.4,22.9,16.2,328.0,4.4,6.0,3.2,154.0,11.5,14.5,9.0,271.0,16.5,19.3,13.9,84.0,13.1,17.1,9.8,,,,,271.0,13.5,33.1,-2.8,,,396.0,19.1,41.2,-0.9,,,,,,,,,,,,533.0,14.5,20.3,10.3,,,,
35,330136,BASSETT HEALTHCARE,05,2018,,,,,,,,,,,,,,,,,,,,,,,,,,,,,,,,,,,,,,,,,,,,,,,,,,,,,,,,,,,,,,,,,,,,,,,,,,,,,,,,,,,,,,,,,,,,,,,,,,,,,,,,,,,,,,,,,,,,,,,,,,,,,,,,,,,,,,,,,,,,,,,,,,,,,,,,,,,,,,,,,,,,,,,,,,,,,,,,,,,,,,,,,,,,,,,,,,,,,,,,,,,,,,,,,,,,,,,,,,,,,,,,,,,,,,,,,,,,,,,,,,,,,,,,,,,,,,,,,,,,,,,,,,,,,,,,,,,,,,,,,,,,,,,,,,,,,,,,,,,,,,,,,,,,,,,,,,,,,,,,,,,,,,,,,,,,,,,,,,,,,,,,,,,,,,,,,,,,,,,,,,,,,,,,,,,,,,,,,,,,,,,,,,,,,,,,,,,,,,,,,,,,,,,,,,,,,,,,,,,,,,,,,,,,,,,,,,,,,,,,,,,,,,,,,,,,,,,,,,,,,,,,,,,,,,,,,,,,,,,,,,,,,,,,,,,,,,,,,,,,,,,,,,,,,,,,,,,,,-1.208,,,-0.3793,,,-0.4506,,,-1.0207,,,0.5741,,0.9514,0.9514,-0.4969,-0.2797,No,,,,,,,,,,,,,,,,,,,,,,,,,,,,,,,,,,,,,,,,,,,,,,,,,,,,,,,,,,,,,,,,,,,,,,,,,,,,,,,,,,,,,,,,,,,,,,,,,,,,,,,,,,,,,,,,,,,,,,,,,,,,,,,,,,,,,,,,,,,,,,,,,,,,,,,,,,,,,,,,,,,,,
36,330136,MARY IMOGENE BASSETT HOSPITAL,07,2018,0.508,6551.0,,3.0,5.909,,0.129,1.382,0.676,,6.0,8.871,,8746.0,0.274,1.407,1.356,3.0,2.212,0.345,51261.0,3.691,0.577,17.0,29.472,0.347,49429.0,0.905,179.0,8.0,4.649,1.721,0.799,3.268,,75.0,1.0,0.717,,,37.357142857143,,,51.428571428571,,,,,12.857142857143,20.000000000000,,5.000000000000,,60.000000000000,15.000000000000,18.000000000000,4.500000000000,,,,,,,,,,,,,,,,,,,,10.0,0.850916,0.855873,0.873053,9.0,10.0,0.877339,,,,,,,,,,,,,,,0.0,0.883421,0.879074,0.907656,0.0,0.0,0.867846,8.0,0.88286,0.893522,0.9079,7.0,8.0,0.903802,,,,,,,,,,,,,,,,,,,,,,,2.0,0.985777,0.963136,0.832678,0.0,2.0,0.967801,0.0,0.0,0.369,0.868,0.0,0.0,0.0,0.907,8.0,0.906,0.548,0.0,7.0,8.0,0.123,0.0,0.824,1.598,0.0,0.0,0.0,1.517,,0.71,Not Available,0.0,,,Not Available,5.0,0.767,0.000,0.0,0.0,5.0,0.375,3.0,0.805,0.648,0.004,0.0,3.0,0.586,,,,,,,,,,,,,,,,,,,,,,,,,,,,,10.0,0.020408,0.041667,0.0,9.0,10.0,0.000000,10.0,0.964542,0.844662,0.709498,9.0,10.0,0.705057,0.0,51.45,49.59,62.44,0.0,25.21,0.0,46.01,0.0,65.6,57.21,79.0,0.0,40.05,0.0,56.14,0.0,63.37,64.96,73.66,0.0,43.43,0.0,58.51,0.0,80.44,75.83,88.51,0.0,57.39,0.0,76.37,0.0,78.52,76.56,86.68,0.0,55.27,0.0,76.0,6.0,86.6,88.82,91.63,6.0,62.25,2.0,89.63,6,12,0.0,70.23,65.95,84.58,0.0,37.67,0.0,65.94,0.0,65.08,64.76,80.35,0.0,38.4,0.0,56.96,,,,,,,,,7.0,,50.9,5.2,5.0,1.2,0.2,254.0,23597.0,25457.0,21905.0,300.0,15542.0,16653.0,14370.0,307.0,21123.0,21985.0,20261.0,270.0,16521.0,17726.0,15301.0,11.2,1.33,,150.3,3.1,8.9,12.5,13.1,,,0.25,0.12,,1.17,3.42,4.78,14.7,,0.92,,13.77,4.7,2.25,0.33,2.7,,,,,,,,,,,,,,,,,,48.0,187.0,,,,,,,,,,,,,,,,,9.0,375.0,90.0,81.0,95.0,134.0,,,100.0,72.0,,,,,,,86.0,4241.0,,,0.0,19.0,,,97.0,590.0,,,,,,,,,,,0.0,15903.0,,,,,,,490.0,14.0,114.0,502.0,164.0,367.0,310.0,511.0,60.0,58.0,0.0,37.0,,,,,,,,,,,,,,,,,,,,,,,,,,,,,,,,,,,,,,,,,,,,,,,1.0144,14.5817,271.0,41.0,14.7921,0.9504,13.0909,,,12.441,0.991,17.7133,203.0,35.0,17.5543,0.903,20.2812,399.0,67.0,18.3148,0.9929,4.6463,328.0,15.0,4.6135,0.9505,16.3603,295.0,43.0,15.5499,,,,,,,,,,,,,,,,,,,,,,1033,25,90.0,90.0,81.0,73.0,88.0,80.0,81.0,75.0,86.0,86.0,,75.0,4.0,21.0,,,,,,,,,,75.0,4.0,21.0,,,,,,,,,,56.0,11.0,33.0,,,,,,,55.0,23.0,22.0,,,,,,,12.0,88.0,,,,,50.0,5.0,45.0,,,,,,,,,,62.0,14.0,24.0,45.0,15.0,40.0,10.0,25.0,65.0,5.0,66.0,29.0,,,,3.0,3.0,2.0,2.0,3.0,3.0,1.0,1.0,2.0,3.0,2.0,,385.0,20.3,23.7,17.3,2505.0,16.7,17.7,15.5,310.0,17.3,20.4,14.5,205.0,20.4,24.1,17.4,315.0,4.3,6.0,3.1,167.0,11.1,13.9,8.8,298.0,14.9,17.9,12.3,84.0,12.1,16.3,9.1,,,,,298.0,0.8,17.1,-13.5,281.0,84.0,385.0,4.6,25.0,-13.9,315.0,106.0,310.0,0.9,19.1,-14.6,286.0,82.0,,,,533.0,14.5,20.3,10.3,,,,
37,330136,BASSETT HEALTHCARE,07,2018,,,,,,,,,,,,,,,,,,,,,,,,,,,,,,,,,,,,,,,,,,,,,,,,,,,,,,,,,,,,,,,,,,,,,,,,,,,,,,,,,,,,,,,,,,,,,,,,,,,,,,,,,,,,,,,,,,,,,,,,,,,,,,,,,,,,,,,,,,,,,,,,,,,,,,,,,,,,,,,,,,,,,,,,,,,,,,,,,,,,,,,,,,,,,,,,,,,,,,,,,,,,,,,,,,,,,,,,,,,,,,,,,,,,,,,,,,,,,,,,,,,,,,,,,,,,,,,,,,,,,,,,,,,,,,,,,,,,,,,,,,,,,,,,,,,,,,,,,,,,,,,,,,,,,,,,,,,,,,,,,,,,,,,,,,,,,,,,,,,,,,,,,,,,,,,,,,,,,,,,,,,,,,,,,,,,,,,,,,,,,,,,,,,,,,,,,,,,,,,,,,,,,,,,,,,,,,,,,,,,,,,,,,,,,,,,,,,,,,,,,,,,,,,,,,,,,,,,,,,,,,,,,,,,,,,,,,,,,,,,,,,,,,,,,,,,,,,,,,,,,,,,,,,,,,,,,,,,,-1.208,,,-0.3793,,,-0.4506,,,-1.0207,,,0.5741,,0.9514,0.9514,-0.4969,-0.2797,No,,,,,,,,,,,,,,,,,,,,,,,,,,,,,,,,,,,,,,,,,,,,,,,,,,,,,,,,,,,,,,,,,,,,,,,,,,,,,,,,,,,,,,,,,,,,,,,,,,,,,,,,,,,,,,,,,,,,,,,,,,,,,,,,,,,,,,,,,,,,,,,,,,,,,,,,,,,,,,,,,,,,,
38,330136,MARY IMOGENE BASSETT HOSPITAL,10,2018,0.164,6758.0,,1.0,6.09,,0.008,0.81,0.714,,6.0,8.404,,8304.0,0.289,1.485,1.013,2.0,1.974,0.17,49852.0,3.347,0.604,17.0,28.161,0.363,48132.0,0.947,193.0,11.0,5.018,2.192,1.153,3.81,,72.0,1.0,0.738,,,37.357142857143,,,51.428571428571,,,,,12.857142857143,20.000000000000,,5.000000000000,,60.000000000000,15.000000000000,18.000000000000,4.500000000000,,,,,,,,,,,,,,,,,,,,10.0,0.850916,0.855873,0.873053,9.0,10.0,0.877339,,,,,,,,,,,,,,,0.0,0.883421,0.879074,0.907656,0.0,0.0,0.867846,8.0,0.88286,0.893522,0.9079,7.0,8.0,0.903802,,,,,,,,,,,,,,,,,,,,,,,2.0,0.985777,0.963136,0.832678,0.0,2.0,0.967801,0.0,0.0,0.369,0.868,0.0,0.0,0.0,0.907,8.0,0.906,0.548,0.0,7.0,8.0,0.123,0.0,0.824,1.598,0.0,0.0,0.0,1.517,,0.71,Not Available,0.0,,,Not Available,5.0,0.767,0.000,0.0,0.0,5.0,0.375,3.0,0.805,0.648,0.004,0.0,3.0,0.586,,,,,,,,,,,,,,,,,,,,,,,,,,,,,10.0,0.020408,0.041667,0.0,9.0,10.0,0.000000,10.0,0.964542,0.844662,0.709498,9.0,10.0,0.705057,0.0,51.45,49.59,62.44,0.0,25.21,0.0,46.01,0.0,65.6,57.21,79.0,0.0,40.05,0.0,56.14,0.0,63.37,64.96,73.66,0.0,43.43,0.0,58.51,0.0,80.44,75.83,88.51,0.0,57.39,0.0,76.37,0.0,78.52,76.56,86.68,0.0,55.27,0.0,76.0,6.0,86.6,88.82,91.63,6.0,62.25,2.0,89.63,6,12,0.0,70.23,65.95,84.58,0.0,37.67,0.0,65.94,0.0,65.08,64.76,80.35,0.0,38.4,0.0,56.96,,,,,,,,,7.0,,50.9,5.2,5.0,1.2,0.2,254.0,23597.0,25457.0,21905.0,300.0,15542.0,16653.0,14370.0,307.0,21123.0,21985.0,20261.0,270.0,16521.0,17726.0,15301.0,11.2,1.33,,150.3,3.1,8.9,12.5,13.1,,,0.25,0.12,,1.17,3.42,4.78,14.7,,0.92,,13.77,4.7,2.25,0.33,2.7,,,,,,,,,,,,,,,,,,47.0,235.0,,,,,,,,,,,,,,,,,8.0,373.0,90.0,81.0,95.0,134.0,,,100.0,72.0,,,,,,,93.0,4185.0,,,0.0,16.0,,,97.0,590.0,,,,,,,,,,,0.0,15903.0,,,,,,,597.0,15.0,104.0,500.0,163.0,359.0,298.0,508.0,58.0,55.0,0.0,42.0,,,,,,,,,,,,,,,,,,,,,,,,,,,,,,,,,,,,,,,,,,,,,,,1.0144,14.5817,271.0,41.0,14.7921,0.9504,13.0909,,,12.441,0.991,17.7133,203.0,35.0,17.5543,0.903,20.2812,399.0,67.0,18.3148,0.9929,4.6463,328.0,15.0,4.6135,0.9505,16.3603,295.0,43.0,15.5499,,,,,,,,,,,,,,,,,,,,,,1050,25,90.0,90.0,80.0,75.0,89.0,80.0,81.0,75.0,86.0,86.0,,74.0,5.0,21.0,,,,,,,,,,75.0,5.0,20.0,,,,,,,,,,55.0,13.0,32.0,,,,,,,56.0,22.0,22.0,,,,,,,11.0,89.0,,,,,49.0,5.0,46.0,,,,,,,,,,62.0,15.0,23.0,45.0,16.0,39.0,11.0,24.0,65.0,5.0,65.0,30.0,,,,3.0,3.0,2.0,2.0,4.0,3.0,1.0,1.0,3.0,3.0,3.0,,385.0,20.3,23.7,17.3,2505.0,16.7,17.7,15.5,310.0,17.3,20.4,14.5,205.0,20.4,24.1,17.4,315.0,4.3,6.0,3.1,167.0,11.1,13.9,8.8,298.0,14.9,17.9,12.3,84.0,12.1,16.3,9.1,,,,,298.0,0.8,17.1,-13.5,,,385.0,4.6,25.0,-13.9,,,310.0,0.9,19.1,-14.6,,,,,,533.0,14.5,20.3,10.3,,,,
39,330136,BASSETT HEALTHCARE,10,2018,,,,,,,,,,,,,,,,,,,,,,,,,,,,,,,,,,,,,,,,,,,,,,,,,,,,,,,,,,,,,,,,,,,,,,,,,,,,,,,,,,,,,,,,,,,,,,,,,,,,,,,,,,,,,,,,,,,,,,,,,,,,,,,,,,,,,,,,,,,,,,,,,,,,,,,,,,,,,,,,,,,,,,,,,,,,,,,,,,,,,,,,,,,,,,,,,,,,,,,,,,,,,,,,,,,,,,,,,,,,,,,,,,,,,,,,,,,,,,,,,,,,,,,,,,,,,,,,,,,,,,,,,,,,,,,,,,,,,,,,,,,,,,,,,,,,,,,,,,,,,,,,,,,,,,,,,,,,,,,,,,,,,,,,,,,,,,,,,,,,,,,,,,,,,,,,,,,,,,,,,,,,,,,,,,,,,,,,,,,,,,,,,,,,,,,,,,,,,,,,,,,,,,,,,,,,,,,,,,,,,,,,,,,,,,,,,,,,,,,,,,,,,,,,,,,,,,,,,,,,,,,,,,,,,,,,,,,,,,,,,,,,,,,,,,,,,,,,,,,,,,,,,,,,,,,,,,,,,-1.208,,,-0.3793,,,-0.4506,,,-1.0207,,,0.5741,,0.9514,0.9514,-0.4969,-0.2797,No,,,,,,,,,,,,,,,,,,,,,,,,,,,,,,,,,,,,,,,,,,,,,,,,,,,,,,,,,,,,,,,,,,,,,,,,,,,,,,,,,,,,,,,,,,,,,,,,,,,,,,,,,,,,,,,,,,,,,,,,,,,,,,,,,,,,,,,,,,,,,,,,,,,,,,,,,,,,,,,,,,,,,
40,330136,MARY IMOGENE BASSETT HOSPITAL,03,2019,0.316,7038.0,,2.0,6.337,,0.053,1.043,0.927,,8.0,8.627,,8543.0,0.431,1.761,1.586,3.0,1.891,0.404,48074.0,4.318,0.457,12.0,26.253,0.248,46410.0,0.777,183.0,12.0,4.801,2.499,1.354,4.249,,64.0,1.0,0.648,,,32.625,,,40.000000000000,,,,,10.000000000000,0.000000000000,18.000000000000,0.000000000000,4.500000000000,72.500000000000,18.125000000000,,,,,,,,,,,,,,,9.0,0.032229,0.031472,0.023178,9.0,9.0,0.023489,10.0,0.850671,0.855894,0.873263,9.0,10.0,0.887015,,,,,,,,,,,,,,,0.0,0.883472,0.879945,0.908094,0.0,0.0,0.869643,10.0,0.882334,0.895751,0.907906,9.0,10.0,0.911582,,,,,,,,,,,,,,,,,,,,,,,0.0,0.986935,0.956975,0.839602,0.0,0.0,0.999571,0.0,8.0,0.86,0.465,0.0,6.0,8.0,0.164,2.0,0.822,0.189,0.0,0.0,2.0,0.714,0.0,0.783,1.340,0.0,0.0,0.0,2.192,,0.762,Not Available,0.0,,,Not Available,0.0,0.854,0.000,0.0,0.0,0.0,1.013,4.0,0.924,0.754,0.113,2.0,4.0,0.604,,,,,,,,,,,,,,,,,,,,,,,,,,,,,10.0,0.010038,0.000000,0.0,0.0,10.0,0.000000,,,,,,,,0.0,51.42,47.72,62.77,0.0,11.3,0.0,46.17,0.0,65.58,58.59,79.06,0.0,22.85,0.0,53.41,0.0,63.26,61.52,73.53,0.0,11.38,0.0,56.17,0.0,80.32,75.61,88.62,0.0,33.46,0.0,74.94,0.0,78.69,74.91,86.97,0.0,28.1,0.0,74.24,5.0,87.05,88.63,91.87,5.0,61.96,2.0,89.36,5,13,0.0,70.85,67.26,84.83,0.0,28.39,0.0,64.98,0.0,65.16,58.99,80.15,0.0,32.72,0.0,54.8,,,,,,,,,7.0,,50.9,5.2,5.0,1.2,0.2,254.0,23597.0,25457.0,21905.0,300.0,15542.0,16653.0,14370.0,307.0,21123.0,21985.0,20261.0,270.0,16521.0,17726.0,15301.0,11.2,1.33,,150.3,3.1,8.9,12.5,13.1,,,0.25,0.12,,1.17,3.42,4.78,14.7,,0.92,,13.77,4.7,2.25,0.33,2.7,,,,,,,,,,,,,,,,,,50.0,209.0,,0.0,,,,,,,,,,,,,,,8.0,379.0,94.0,64.0,96.0,136.0,,,100.0,40.0,,,,,,,93.0,4185.0,,,0.0,18.0,,,98.0,622.0,,,,,,,,,,,0.0,18923.0,,0.0,,,,,628.0,15.0,98.0,507.0,154.0,348.0,289.0,516.0,58.0,57.0,0.0,39.0,,,,,,,,,,,,,,,,,,,,,,,,,,,,,,,,,,,,,,,,,,,,,,,0.9398,14.1983,298.0,36.0,13.3434,0.9186,13.2064,,,12.132,1.0536,18.3905,207.0,44.0,19.3766,0.9071,20.4856,388.0,66.0,18.583,1.054,4.4915,315.0,16.0,4.734,1.0039,16.4758,313.0,52.0,16.5395,,,-0.7823,,,-0.3775,,,-0.6753,,,-0.1331,,,1.6704,,1.3446,1.3446,-0.0595,0.1511,No,1061,24,90.0,90.0,80.0,75.0,89.0,80.0,81.0,75.0,86.0,86.0,,74.0,5.0,21.0,,,,,,,,,,75.0,5.0,20.0,,,,,,,,,,56.0,13.0,31.0,,,,,,,57.0,22.0,21.0,,,,,,,11.0,89.0,,,,,50.0,5.0,45.0,,,,,,,,,,62.0,15.0,23.0,46.0,16.0,38.0,11.0,25.0,64.0,6.0,65.0,29.0,,,,3.0,3.0,2.0,2.0,4.0,2.0,1.0,1.0,3.0,3.0,3.0,,385.0,20.3,23.7,17.3,2505.0,16.7,17.7,15.5,310.0,17.3,20.4,14.5,205.0,20.4,24.1,17.4,315.0,4.3,6.0,3.1,167.0,11.1,13.9,8.8,298.0,14.9,17.9,12.3,84.0,12.1,16.3,9.1,,,,,298.0,0.8,17.1,-13.5,,,385.0,4.6,25.0,-13.9,,,310.0,0.9,19.1,-14.6,,,,,,638.0,15.6,21.2,11.5,,,,
41,330136,MARY IMOGENE BASSETT HOSPITAL,04,2019,0.304,7326.0,,2.0,6.585,,0.051,1.003,1.229,,11.0,8.951,,8881.0,0.646,2.136,1.446,3.0,2.074,0.368,48381.0,3.937,0.578,16.0,27.691,0.342,46722.0,0.918,192.0,14.0,5.013,2.793,1.59,4.575,,73.0,1.0,0.686,,,32.625,,,40.000000000000,,,,,10.000000000000,0.000000000000,18.000000000000,0.000000000000,4.500000000000,72.500000000000,18.125000000000,,,,,,,,,,,,,,,9.0,0.032229,0.031472,0.023178,9.0,9.0,0.023489,10.0,0.850671,0.855894,0.873263,9.0,10.0,0.887015,,,,,,,,,,,,,,,0.0,0.883472,0.879945,0.908094,0.0,0.0,0.869643,10.0,0.882334,0.895751,0.907906,9.0,10.0,0.911582,,,,,,,,,,,,,,,,,,,,,,,0.0,0.986935,0.956975,0.839602,0.0,0.0,0.999571,0.0,8.0,0.86,0.465,0.0,6.0,8.0,0.164,2.0,0.822,0.189,0.0,0.0,2.0,0.714,0.0,0.783,1.340,0.0,0.0,0.0,2.192,,0.762,Not Available,0.0,,,Not Available,0.0,0.854,0.000,0.0,0.0,0.0,1.013,4.0,0.924,0.754,0.113,2.0,4.0,0.604,,,,,,,,,,,,,,,,,,,,,,,,,,,,,10.0,0.010038,0.000000,0.0,0.0,10.0,0.000000,,,,,,,,0.0,51.42,47.72,62.77,0.0,11.3,0.0,46.17,0.0,65.58,58.59,79.06,0.0,22.85,0.0,53.41,0.0,63.26,61.52,73.53,0.0,11.38,0.0,56.17,0.0,80.32,75.61,88.62,0.0,33.46,0.0,74.94,0.0,78.69,74.91,86.97,0.0,28.1,0.0,74.24,5.0,87.05,88.63,91.87,5.0,61.96,2.0,89.36,5,13,0.0,70.85,67.26,84.83,0.0,28.39,0.0,64.98,0.0,65.16,58.99,80.15,0.0,32.72,0.0,54.8,,,,,,,,,7.0,,50.9,5.2,5.0,1.2,0.2,254.0,23597.0,25457.0,21905.0,300.0,15542.0,16653.0,14370.0,307.0,21123.0,21985.0,20261.0,270.0,16521.0,17726.0,15301.0,11.2,1.33,,150.3,3.1,8.9,12.5,13.1,,,0.25,0.12,,1.17,3.42,4.78,14.7,,0.92,,13.77,4.7,2.25,0.33,2.7,,,,,,,,,,,,,,,,,,51.0,171.0,,,,,,,,,,,,,,,,,,,94.0,64.0,96.0,136.0,,,100.0,40.0,,,,,,,93.0,4185.0,,,0.0,17.0,,,98.0,622.0,,,,,,,,,,,0.0,18923.0,,,,,,,663.0,14.0,104.0,552.0,165.0,342.0,290.0,562.0,,,0.0,37.0,,,,,,,,,,,,,,,,,,,,,,,,,,,,,,,,,,,,,,,,,,,,,,,0.9398,14.1983,298.0,36.0,13.3434,0.9186,13.2064,,,12.132,1.0536,18.3905,207.0,44.0,19.3766,0.9071,20.4856,388.0,66.0,18.583,1.054,4.4915,315.0,16.0,4.734,1.0039,16.4758,313.0,52.0,16.5395,,,-0.7823,,,-0.3775,,,-0.6753,,,-0.1331,,,1.6704,,1.3446,1.3446,-0.0595,0.1511,No,1073,24,89.0,89.0,80.0,75.0,89.0,79.0,81.0,76.0,85.0,86.0,,74.0,6.0,20.0,,,,,,,,,,74.0,6.0,20.0,,,,,,,,,,56.0,14.0,30.0,,,,,,,57.0,22.0,21.0,,,,,,,11.0,89.0,,,,,50.0,5.0,45.0,,,,,,,,,,62.0,14.0,24.0,46.0,15.0,39.0,11.0,26.0,63.0,6.0,65.0,29.0,,,,2.0,2.0,2.0,2.0,4.0,2.0,1.0,1.0,3.0,3.0,2.0,,385.0,20.3,23.7,17.3,2505.0,16.7,17.7,15.5,310.0,17.3,20.4,14.5,205.0,20.4,24.1,17.4,315.0,4.3,6.0,3.1,167.0,11.1,13.9,8.8,298.0,14.9,17.9,12.3,84.0,12.1,16.3,9.1,,,,,298.0,0.8,17.1,-13.5,,,385.0,4.6,25.0,-13.9,,,310.0,0.9,19.1,-14.6,,,,,,638.0,15.6,21.2,11.5,,,,
42,330136,MARY IMOGENE BASSETT HOSPITAL,07,2019,0.727,7629.0,,5.0,6.875,,0.266,1.612,1.541,,14.0,9.084,,8996.0,0.877,2.524,1.522,3.0,1.971,0.387,49115.0,4.142,0.656,18.0,27.452,0.401,47441.0,1.016,192.0,12.0,5.173,2.32,1.257,3.944,,74.0,0.0,0.666,,,32.625,,,40.000000000000,,,,,10.000000000000,0.000000000000,18.000000000000,0.000000000000,4.500000000000,72.500000000000,18.125000000000,,,,,,,,,,,,,,,9.0,0.032229,0.031472,0.023178,9.0,9.0,0.023489,10.0,0.850671,0.855894,0.873263,9.0,10.0,0.887015,,,,,,,,,,,,,,,0.0,0.883472,0.879945,0.908094,0.0,0.0,0.869643,10.0,0.882334,0.895751,0.907906,9.0,10.0,0.911582,,,,,,,,,,,,,,,,,,,,,,,0.0,0.986935,0.956975,0.839602,0.0,0.0,0.999571,0.0,8.0,0.86,0.465,0.0,6.0,8.0,0.164,2.0,0.822,0.189,0.0,0.0,2.0,0.714,0.0,0.783,1.340,0.0,0.0,0.0,2.192,,0.762,Not Available,0.0,,,Not Available,0.0,0.854,0.000,0.0,0.0,0.0,1.013,4.0,0.924,0.754,0.113,2.0,4.0,0.604,,,,,,,,,,,,,,,,,,,,,,,,,,,,,10.0,0.010038,0.000000,0.0,0.0,10.0,0.000000,,,,,,,,0.0,51.42,47.72,62.77,0.0,11.3,0.0,46.17,0.0,65.58,58.59,79.06,0.0,22.85,0.0,53.41,0.0,63.26,61.52,73.53,0.0,11.38,0.0,56.17,0.0,80.32,75.61,88.62,0.0,33.46,0.0,74.94,0.0,78.69,74.91,86.97,0.0,28.1,0.0,74.24,5.0,87.05,88.63,91.87,5.0,61.96,2.0,89.36,5,13,0.0,70.85,67.26,84.83,0.0,28.39,0.0,64.98,0.0,65.16,58.99,80.15,0.0,32.72,0.0,54.8,,,,,,,,,3.9,,40.8,6.7,5.0,1.1,0.3,264.0,26122.0,28373.0,24112.0,288.0,17532.0,18822.0,16307.0,309.0,21265.0,22138.0,20409.0,258.0,16543.0,17790.0,15313.0,12.8,2.4,,154.82,3.2,9.1,12.2,12.3,,,0.23,0.12,,1.3,2.7,4.54,15.8,,0.96,,11.24,4.83,1.31,1.11,2.7,,,,,,,,,,,,,,,,,,53.0,146.0,,,,,,,,,,,,,,,,,,,94.0,64.0,96.0,136.0,,,100.0,40.0,,,,,,,93.0,4185.0,,,0.0,15.0,,,98.0,622.0,,,,,,,,,,,0.0,18923.0,,,,,,,376.0,12.0,116.0,553.0,168.0,342.0,298.0,563.0,,,0.0,53.0,,,,,,,,,,,,,,,,,,,,,,,,,,,,,,,,,,,,,,,,,,,,,,,0.9398,14.1983,298.0,36.0,13.3434,0.9186,13.2064,,,12.132,1.0536,18.3905,207.0,44.0,19.3766,0.9071,20.4856,388.0,66.0,18.583,1.054,4.4915,315.0,16.0,4.734,1.0039,16.4758,313.0,52.0,16.5395,,,-0.7823,,,-0.3775,,,-0.6753,,,-0.1331,,,1.6704,,1.3446,1.3446,-0.0595,0.1511,No,1085,25,89.0,89.0,80.0,75.0,89.0,79.0,82.0,76.0,85.0,86.0,,74.0,6.0,20.0,83.0,3.0,14.0,70.0,6.0,24.0,69.0,8.0,23.0,74.0,7.0,19.0,82.0,4.0,14.0,72.0,8.0,20.0,68.0,8.0,24.0,57.0,14.0,29.0,55.0,13.0,32.0,58.0,15.0,27.0,58.0,22.0,20.0,73.0,10.0,17.0,43.0,34.0,23.0,11.0,89.0,11.0,89.0,12.0,88.0,48.0,6.0,46.0,54.0,6.0,40.0,49.0,6.0,45.0,42.0,5.0,53.0,62.0,14.0,24.0,46.0,16.0,38.0,13.0,23.0,64.0,7.0,65.0,28.0,,,,2.0,2.0,2.0,2.0,4.0,2.0,1.0,1.0,3.0,3.0,2.0,,376.0,22.6,26.0,19.5,2547.0,16.6,17.6,15.4,324.0,17.6,20.6,14.9,190.0,20.7,24.3,17.7,322.0,3.9,5.3,2.8,,,,,302.0,14.5,17.4,12.1,82.0,12.3,16.4,9.2,,,,,302.0,0.0,15.4,-13.6,,,376.0,2.4,23.1,-15.4,,,324.0,-6.6,10.0,-20.2,,,,,,638.0,15.6,21.2,11.5,,,,
43,330136,MARY IMOGENE BASSETT HOSPITAL,10,2019,1.165,7631.0,,8.0,6.866,,0.541,2.213,1.535,,14.0,9.122,,9045.0,0.874,2.514,2.493,5.0,2.006,0.913,48999.0,5.525,0.578,16.0,27.705,0.342,47265.0,0.918,184.0,8.0,4.971,1.609,0.747,3.056,,68.0,0.0,0.572,,,32.625,,,40.000000000000,,,,,10.000000000000,0.000000000000,18.000000000000,0.000000000000,4.500000000000,72.500000000000,18.125000000000,,,,,,,,,,,,,,,9.0,0.032229,0.031472,0.023178,9.0,9.0,0.023489,10.0,0.850671,0.855894,0.873263,9.0,10.0,0.887015,,,,,,,,,,,,,,,0.0,0.883472,0.879945,0.908094,0.0,0.0,0.869643,10.0,0.882334,0.895751,0.907906,9.0,10.0,0.911582,,,,,,,,,,,,,,,,,,,,,,,0.0,0.986935,0.956975,0.839602,0.0,0.0,0.999571,0.0,8.0,0.86,0.465,0.0,6.0,8.0,0.164,2.0,0.822,0.189,0.0,0.0,2.0,0.714,0.0,0.783,1.340,0.0,0.0,0.0,2.192,,0.762,Not Available,0.0,,,Not Available,0.0,0.854,0.000,0.0,0.0,0.0,1.013,4.0,0.924,0.754,0.113,2.0,4.0,0.604,,,,,,,,,,,,,,,,,,,,,,,,,,,,,10.0,0.010038,0.000000,0.0,0.0,10.0,0.000000,,,,,,,,0.0,51.42,47.72,62.77,0.0,11.3,0.0,46.17,0.0,65.58,58.59,79.06,0.0,22.85,0.0,53.41,0.0,63.26,61.52,73.53,0.0,11.38,0.0,56.17,0.0,80.32,75.61,88.62,0.0,33.46,0.0,74.94,0.0,78.69,74.91,86.97,0.0,28.1,0.0,74.24,5.0,87.05,88.63,91.87,5.0,61.96,2.0,89.36,5,13,0.0,70.85,67.26,84.83,0.0,28.39,0.0,64.98,0.0,65.16,58.99,80.15,0.0,32.72,0.0,54.8,,,,,,,,,3.9,,40.8,6.7,5.0,1.1,0.3,264.0,26122.0,28373.0,24112.0,288.0,17532.0,18822.0,16307.0,309.0,21265.0,22138.0,20409.0,258.0,16543.0,17790.0,15313.0,12.8,2.4,,154.82,3.2,9.1,12.2,12.3,,,0.23,0.12,,1.3,2.7,4.54,15.8,,0.96,,11.24,4.83,1.31,1.11,2.7,,,,,,,,,,,,,,,,,,56.0,124.0,,,,,,,,,,,,,,,,,,,94.0,64.0,96.0,136.0,,,100.0,40.0,,,,,,,92.0,4241.0,,,0.0,17.0,,,98.0,622.0,,,,,,,,,,,0.0,18923.0,,,,,,,335.0,13.0,117.0,550.0,171.0,347.0,297.0,558.0,,,0.0,62.0,,,,,,,,,,,,,,,,,,,,,,,,,,,,,,,,,,,,,,,,,,,,,,,0.9398,14.1983,298.0,36.0,13.3434,0.9186,13.2064,,,12.132,1.0536,18.3905,207.0,44.0,19.3766,0.9071,20.4856,388.0,66.0,18.583,1.054,4.4915,315.0,16.0,4.734,1.0039,16.4758,313.0,52.0,16.5395,,,-0.7823,,,-0.3775,,,-0.6753,,,-0.1331,,,1.6704,,1.3446,1.3446,-0.0595,0.1511,No,1021,24,89.0,89.0,82.0,75.0,88.0,80.0,83.0,76.0,85.0,86.0,,75.0,6.0,19.0,84.0,3.0,13.0,70.0,6.0,24.0,70.0,7.0,23.0,74.0,7.0,19.0,82.0,4.0,14.0,72.0,8.0,20.0,69.0,8.0,23.0,60.0,12.0,28.0,59.0,11.0,30.0,61.0,13.0,26.0,59.0,22.0,19.0,72.0,11.0,17.0,45.0,33.0,22.0,12.0,88.0,11.0,89.0,12.0,88.0,48.0,6.0,46.0,54.0,6.0,40.0,50.0,6.0,44.0,41.0,5.0,54.0,63.0,12.0,25.0,47.0,16.0,37.0,12.0,24.0,64.0,6.0,66.0,28.0,,,,2.0,2.0,2.0,2.0,3.0,2.0,2.0,1.0,2.0,3.0,2.0,,376.0,22.6,26.0,19.5,2547.0,16.6,17.6,15.4,324.0,17.6,20.6,14.9,190.0,20.7,24.3,17.7,322.0,3.9,5.3,2.8,,,,,302.0,14.5,17.4,12.1,82.0,12.3,16.4,9.2,,,,,302.0,0.0,15.4,-13.6,,,376.0,2.4,23.1,-15.4,,,324.0,-6.6,10.0,-20.2,,,,,,638.0,15.6,21.2,11.5,,,,
44,330136,MARY IMOGENE BASSETT HOSPITAL,01,2020,1.154,7694.0,,8.0,6.934,,0.536,2.191,1.769,,16.0,9.046,,8967.0,1.047,2.811,2.336,5.0,2.14,0.856,49142.0,5.179,0.795,23.0,28.925,0.516,47396.0,1.174,185.0,6.0,5.212,1.151,0.467,2.394,,74.0,1.0,0.649,,,26.583333333333,60.000000000000,,23.333333333333,,,15.000000000000,,5.833333333333,10.0,13.000000000000,2.5,3.250000000000,,,,,,,,,,,,,,,,,7.0,0.032229,0.031472,0.023178,6.0,7.0,0.025773,9.0,0.853715,0.865400,0.875869,9.0,9.0,0.875675,,,,,,,,,,,,,,,2.0,0.88109,0.882275,0.906068,1.0,2.0,0.885663,6.0,0.882266,0.886723,0.909532,5.0,6.0,0.898394,,,,,,,,,,,,,,,,,,,,,,,1.0,0.987067,0.967801,0.844147,0.0,1.0,0.971833,0.0,0.0,0.784,0.760,0.0,0.0,0.0,1.165,0.0,0.828,0.190,0.0,0.0,0.0,1.535,0.0,0.781,1.467,0.0,0.0,0.0,1.609,,0.722,Not Available,0.0,,,Not Available,0.0,0.815,0.536,0.0,0.0,0.0,2.493,4.0,0.852,0.740,0.091,2.0,4.0,0.578,,,,,,,,,,,,,,,,,,,,,,,,,,,,,10.0,0.0,0.000000,0.0,0.0,10.0,0.000000,,,,,,,,0.0,51.14,46.01,62.5,0.0,20.33,0.0,46.44,0.0,65.72,56.14,79.42,0.0,41.92,0.0,55.0,0.0,63.3,58.51,73.86,0.0,26.16,0.0,58.56,0.0,80.41,76.37,88.44,0.0,50.67,0.0,74.36,0.0,79.08,76.0,87.12,0.0,51.8,0.0,74.75,2.0,87.44,89.63,92.11,2.0,66.72,0.0,88.23,3,10,0.0,71.59,65.94,85.12,0.0,32.47,0.0,64.42,0.0,65.07,56.96,80.14,1.0,35.74,1.0,59.85,,,,,,,,,3.9,,40.8,6.7,5.0,1.1,0.3,264.0,26122.0,28373.0,24112.0,288.0,17532.0,18822.0,16307.0,309.0,21265.0,22138.0,20409.0,258.0,16543.0,17790.0,15313.0,12.8,2.4,,154.82,3.2,9.1,12.2,12.3,,,0.23,0.12,,1.3,2.7,4.54,15.8,,0.96,,11.24,4.83,1.31,1.11,2.7,,,,,,,,,,,,,,,,,,56.0,120.0,,,,,,,,,,,,,,,,,,,92.0,72.0,99.0,160.0,,,100.0,13.0,,,,,,,92.0,4241.0,,,,,,,,,,,,,,,,,,,0.0,18773.0,,,,,,,182.0,17.0,124.0,530.0,176.0,350.0,,,,,0.0,63.0,,,,,,,,,,,,,,,,,,,86.0,28.0,,,86.0,36.0,88.0,26.0,,,,,,,,,,,,,,,,,,,,,0.9283,13.9947,302.0,35.0,12.9918,0.9597,12.7538,,,12.2393,1.0721,18.8863,191.0,44.0,20.2489,1.0163,20.8141,383.0,82.0,21.1531,0.9629,4.4236,322.0,13.0,4.2595,1.0245,16.3871,324.0,56.0,16.7893,,,0.6329,,,-0.364,,,-0.0635,,,1.6679,,,1.7606,,2.1363,,,0.9617,Yes,1032,24,90.0,90.0,82.0,75.0,89.0,80.0,84.0,76.0,86.0,86.0,,75.0,5.0,20.0,84.0,3.0,13.0,71.0,5.0,24.0,70.0,6.0,24.0,76.0,6.0,18.0,84.0,4.0,12.0,73.0,7.0,20.0,71.0,7.0,22.0,59.0,12.0,29.0,58.0,12.0,30.0,60.0,13.0,27.0,59.0,21.0,20.0,72.0,12.0,16.0,47.0,31.0,22.0,11.0,89.0,11.0,89.0,11.0,89.0,48.0,5.0,47.0,53.0,6.0,41.0,49.0,6.0,45.0,41.0,4.0,55.0,65.0,11.0,24.0,48.0,17.0,35.0,11.0,23.0,66.0,6.0,67.0,27.0,,,,3.0,2.0,2.0,2.0,4.0,2.0,2.0,1.0,3.0,3.0,2.0,,376.0,22.6,26.0,19.5,2547.0,16.6,17.6,15.4,324.0,17.6,20.6,14.9,190.0,20.7,24.3,17.7,322.0,3.9,5.3,2.8,,,,,302.0,14.5,17.4,12.1,82.0,12.3,16.4,9.2,340.0,7.0,9.4,5.1,302.0,0.0,15.4,-13.6,,,376.0,2.4,23.1,-15.4,,,324.0,-6.6,10.0,-20.2,,,15.5,19.1,12.4,1730.0,14.7,19.2,11.5,826.0,1.0,1.2,0.8
45,330136,BASSETT HEALTHCARE,04,2020,1.354,7350.0,,9.0,6.649,,0.66,2.484,1.687,,15.0,8.891,,8816.0,0.98,2.72,1.651,4.0,2.423,0.525,48708.0,3.982,0.746,21.0,28.166,0.474,47027.0,1.12,173.0,4.0,4.874,0.821,0.261,1.98,,58.0,1.0,0.519,,,,,,,,,,,,,,,,,,,,,,,,,,,,,,,,,,,,,,,,,,,,,,,,,,,,,,,,,,,,,,,,,,,,,,,,,,,,,,,,,,,,,,,,,,,,,,,,,,,,,,,,,,,,,,,,,,,,,,,,,,,,,,,,,,,,,,,,,,,,,,,,,,,,,,,,,,,,,,,,,,,,,,,,,,,,,,,,,,,,,,,,,,,,,,,,,,,,,,,,,,,,,,,,,,,,,,,,,,,,,,,,,,,,,,,,,,,,,,,,,,,,,,,,,,,,,,,,,,,,,,3.9,,40.8,6.7,5.0,1.1,0.3,264.0,26122.0,28373.0,24112.0,288.0,17532.0,18822.0,16307.0,309.0,21265.0,22138.0,20409.0,258.0,16543.0,17790.0,15313.0,12.8,2.4,,154.82,3.2,9.1,12.2,12.3,,,0.23,0.12,,1.3,2.7,4.54,15.8,,0.96,,11.24,4.83,1.31,1.11,2.7,,,,,,,,,,,,,,,,,,53.0,126.0,,,,,,,,,,,,,,,,,,,92.0,72.0,99.0,160.0,,,100.0,13.0,,,,,,,92.0,4241.0,,,,,,,,,,,,,,,,,,,0.0,18773.0,,,,,,,171.0,17.0,121.0,506.0,170.0,357.0,,,,,0.0,61.0,,,,,,,,,,,,,,,,,,,76.0,49.0,,,89.0,63.0,86.0,42.0,,,,,,,,,,,,,,,,,,,,,,,,,,,,,,,,,,,,,,,,,,,,,,,,,,,,,,,,,,,,,,,,,,,,,,,,976,24,90.0,90.0,81.0,75.0,89.0,80.0,84.0,75.0,86.0,86.0,,74.0,5.0,21.0,84.0,3.0,13.0,70.0,5.0,25.0,68.0,6.0,26.0,76.0,5.0,19.0,85.0,3.0,12.0,73.0,6.0,21.0,70.0,7.0,23.0,58.0,12.0,30.0,57.0,11.0,32.0,59.0,12.0,29.0,58.0,22.0,20.0,71.0,12.0,17.0,45.0,31.0,24.0,11.0,89.0,12.0,88.0,10.0,90.0,47.0,6.0,47.0,54.0,6.0,40.0,48.0,6.0,46.0,41.0,5.0,54.0,64.0,11.0,25.0,47.0,18.0,35.0,10.0,24.0,66.0,5.0,65.0,30.0,,,,3.0,2.0,2.0,2.0,4.0,2.0,2.0,1.0,3.0,3.0,2.0,,376.0,22.6,26.0,19.5,2547.0,16.6,17.6,15.4,324.0,17.6,20.6,14.9,190.0,20.7,24.3,17.7,322.0,3.9,5.3,2.8,,,,,302.0,14.5,17.4,12.1,82.0,12.3,16.4,9.2,340.0,7.0,9.4,5.1,302.0,0.0,15.4,-13.6,286.0,79.0,376.0,2.4,23.1,-15.4,310.0,120.0,324.0,-6.6,10.0,-20.2,297.0,90.0,15.5,19.1,12.4,1730.0,14.7,19.2,11.5,826.0,1.0,1.2,0.8
46,330136,MARY IMOGENE BASSETT HOSPITAL,04,2020,,,,,,,,,,,,,,,,,,,,,,,,,,,,,,,,,,,,,,,,,26.583333333333,60.000000000000,,23.333333333333,,,15.000000000000,,5.833333333333,10.0,13.000000000000,2.5,3.250000000000,,,,,,,,,,,,,,,,,7.0,0.032229,0.031472,0.023178,6.0,7.0,0.025773,9.0,0.853715,0.865400,0.875869,9.0,9.0,0.875675,,,,,,,,,,,,,,,2.0,0.88109,0.882275,0.906068,1.0,2.0,0.885663,6.0,0.882266,0.886723,0.909532,5.0,6.0,0.898394,,,,,,,,,,,,,,,,,,,,,,,1.0,0.987067,0.967801,0.844147,0.0,1.0,0.971833,0.0,0.0,0.784,0.760,0.0,0.0,0.0,1.165,0.0,0.828,0.190,0.0,0.0,0.0,1.535,0.0,0.781,1.467,0.0,0.0,0.0,1.609,,0.722,Not Available,0.0,,,Not Available,0.0,0.815,0.536,0.0,0.0,0.0,2.493,4.0,0.852,0.740,0.091,2.0,4.0,0.578,,,,,,,,,,,,,,,,,,,,,,,,,,,,,10.0,0.0,0.000000,0.0,0.0,10.0,0.000000,,,,,,,,0.0,51.14,46.01,62.5,0.0,20.33,0.0,46.44,0.0,65.72,56.14,79.42,0.0,41.92,0.0,55.0,0.0,63.3,58.51,73.86,0.0,26.16,0.0,58.56,0.0,80.41,76.37,88.44,0.0,50.67,0.0,74.36,0.0,79.08,76.0,87.12,0.0,51.8,0.0,74.75,2.0,87.44,89.63,92.11,2.0,66.72,0.0,88.23,3,10,0.0,71.59,65.94,85.12,0.0,32.47,0.0,64.42,0.0,65.07,56.96,80.14,1.0,35.74,1.0,59.85,,,,,,,,,,,,,,,,,,,,,,,,,,,,,,,,,,,,,,,,,,,,,,,,,,,,,,,,,,,,,,,,,,,,,,,,,,,,,,,,,,,,,,,,,,,,,,,,,,,,,,,,,,,,,,,,,,,,,,,,,,,,,,,,,,,,,,,,,,,,,,,,,,,,,,,,,,,,,,,,,,,,,,,,,,,,,,,,,,,,,,,,,,,,,,,,,,0.9283,13.9947,302.0,35.0,12.9918,0.9597,12.7538,,,12.2393,1.0721,18.8863,191.0,44.0,20.2489,1.0163,20.8141,383.0,82.0,21.1531,0.9629,4.4236,322.0,13.0,4.2595,1.0245,16.3871,324.0,56.0,16.7893,,,0.6329,,,-0.364,,,-0.0635,,,1.6679,,,1.7606,,2.1363,,,0.9617,Yes,,,,,,,,,,,,,,,,,,,,,,,,,,,,,,,,,,,,,,,,,,,,,,,,,,,,,,,,,,,,,,,,,,,,,,,,,,,,,,,,,,,,,,,,,,,,,,,,,,,,,,,,,,,,,,,,,,,,,,,,,,,,,,,,,,,,,,,,,,,,,,,,,,,,,,,,,,,,,,,,,,,,,
47,330136,BASSETT HEALTHCARE,07,2020,1.103,7017.0,,7.0,6.349,,0.482,2.181,2.078,,18.0,8.663,,8596.0,1.27,3.22,2.085,5.0,2.398,0.764,49216.0,4.622,0.796,23.0,28.909,0.517,47538.0,1.175,180.0,4.0,4.987,0.802,0.255,1.935,,51.0,1.0,0.437,,,,,,,,,,,,,,,,,,,,,,,,,,,,,,,,,,,,,,,,,,,,,,,,,,,,,,,,,,,,,,,,,,,,,,,,,,,,,,,,,,,,,,,,,,,,,,,,,,,,,,,,,,,,,,,,,,,,,,,,,,,,,,,,,,,,,,,,,,,,,,,,,,,,,,,,,,,,,,,,,,,,,,,,,,,,,,,,,,,,,,,,,,,,,,,,,,,,,,,,,,,,,,,,,,,,,,,,,,,,,,,,,,,,,,,,,,,,,,,,,,,,,,,,,,,,,,,,,,,,,,4.2,,47.4,,3.5,,,246.0,27635.0,30064.0,25422.0,313.0,17353.0,18584.0,16201.0,312.0,21181.0,22065.0,20334.0,280.0,16970.0,18133.0,15854.0,12.6,1.86,,179.05,2.8,9.4,12.2,12.3,,,0.26,0.11,,1.63,2.66,5.37,16.3,,1.43,,9.72,5.82,0.96,1.97,2.7,,,,,,,,,,,,,,,,,,54.0,111.0,,,,,,,,,,,,,,,,,,,92.0,72.0,99.0,160.0,,,100.0,13.0,,,,,,,92.0,4241.0,,,,,,,,,,,,,,,,,,,0.0,18773.0,,,,,,,171.0,19.0,129.0,496.0,170.0,358.0,,,,,0.0,58.0,,,,,,,,,,,,,,,,,,,75.0,68.0,46.0,13.0,87.0,86.0,88.0,52.0,,,,,,,,,,,,,,,,,,,,,,,,,,,,,,,,,,,,,,,,,,,,,,,,,,,,,,,,,,,,,,,,,,,,,,,,950,24,89.0,90.0,81.0,74.0,89.0,80.0,85.0,75.0,86.0,85.0,,74.0,5.0,21.0,82.0,4.0,14.0,69.0,6.0,25.0,70.0,6.0,24.0,76.0,6.0,18.0,85.0,4.0,11.0,73.0,7.0,20.0,70.0,7.0,23.0,59.0,12.0,29.0,58.0,12.0,30.0,60.0,12.0,28.0,57.0,22.0,21.0,70.0,11.0,19.0,44.0,33.0,23.0,11.0,89.0,11.0,89.0,11.0,89.0,47.0,6.0,47.0,53.0,7.0,40.0,47.0,6.0,47.0,41.0,5.0,54.0,67.0,10.0,23.0,46.0,18.0,36.0,10.0,26.0,64.0,6.0,63.0,31.0,,,,2.0,2.0,2.0,2.0,4.0,2.0,2.0,2.0,3.0,2.0,2.0,,397.0,24.2,27.6,21.1,2509.0,17.3,18.4,15.9,329.0,17.3,20.1,14.7,189.0,20.0,23.3,17.1,320.0,4.3,6.0,3.1,,,,,271.0,16.3,19.3,13.5,77.0,13.8,18.7,10.3,340.0,7.0,9.4,5.1,271.0,-4.9,12.2,-20.0,260.0,74.0,397.0,0.5,19.6,-16.9,331.0,134.0,329.0,9.1,28.8,-8.8,304.0,87.0,15.5,19.1,12.4,1730.0,14.7,19.2,11.5,826.0,1.0,1.2,0.8
48,330136,MARY IMOGENE BASSETT HOSPITAL,07,2020,,,,,,,,,,,,,,,,,,,,,,,,,,,,,,,,,,,,,,,,,26.583333333333,60.000000000000,,23.333333333333,,,15.000000000000,,5.833333333333,10.0,13.000000000000,2.5,3.250000000000,,,,,,,,,,,,,,,,,7.0,0.032229,0.031472,0.023178,6.0,7.0,0.025773,9.0,0.853715,0.865400,0.875869,9.0,9.0,0.875675,,,,,,,,,,,,,,,2.0,0.88109,0.882275,0.906068,1.0,2.0,0.885663,6.0,0.882266,0.886723,0.909532,5.0,6.0,0.898394,,,,,,,,,,,,,,,,,,,,,,,1.0,0.987067,0.967801,0.844147,0.0,1.0,0.971833,0.0,0.0,0.784,0.760,0.0,0.0,0.0,1.165,0.0,0.828,0.190,0.0,0.0,0.0,1.535,0.0,0.781,1.467,0.0,0.0,0.0,1.609,,0.722,Not Available,0.0,,,Not Available,0.0,0.815,0.536,0.0,0.0,0.0,2.493,4.0,0.852,0.740,0.091,2.0,4.0,0.578,,,,,,,,,,,,,,,,,,,,,,,,,,,,,10.0,0.0,0.000000,0.0,0.0,10.0,0.000000,,,,,,,,0.0,51.14,46.01,62.5,0.0,20.33,0.0,46.44,0.0,65.72,56.14,79.42,0.0,41.92,0.0,55.0,0.0,63.3,58.51,73.86,0.0,26.16,0.0,58.56,0.0,80.41,76.37,88.44,0.0,50.67,0.0,74.36,0.0,79.08,76.0,87.12,0.0,51.8,0.0,74.75,2.0,87.44,89.63,92.11,2.0,66.72,0.0,88.23,3,10,0.0,71.59,65.94,85.12,0.0,32.47,0.0,64.42,0.0,65.07,56.96,80.14,1.0,35.74,1.0,59.85,,,,,,,,,,,,,,,,,,,,,,,,,,,,,,,,,,,,,,,,,,,,,,,,,,,,,,,,,,,,,,,,,,,,,,,,,,,,,,,,,,,,,,,,,,,,,,,,,,,,,,,,,,,,,,,,,,,,,,,,,,,,,,,,,,,,,,,,,,,,,,,,,,,,,,,,,,,,,,,,,,,,,,,,,,,,,,,,,,,,,,,,,,,,,,,,,,0.9283,13.9947,302.0,35.0,12.9918,0.9597,12.7538,,,12.2393,1.0721,18.8863,191.0,44.0,20.2489,1.0163,20.8141,383.0,82.0,21.1531,0.9629,4.4236,322.0,13.0,4.2595,1.0245,16.3871,324.0,56.0,16.7893,,,0.6329,,,-0.364,,,-0.0635,,,1.6679,,,1.7606,,2.1363,,,0.9617,Yes,,,,,,,,,,,,,,,,,,,,,,,,,,,,,,,,,,,,,,,,,,,,,,,,,,,,,,,,,,,,,,,,,,,,,,,,,,,,,,,,,,,,,,,,,,,,,,,,,,,,,,,,,,,,,,,,,,,,,,,,,,,,,,,,,,,,,,,,,,,,,,,,,,,,,,,,,,,,,,,,,,,,,
49,330136,BASSETT HEALTHCARE,10,2020,0.668,6600.0,,4.0,5.986,,0.212,1.612,2.776,,23.0,8.284,,8219.0,1.803,4.1,1.168,3.0,2.568,0.297,48757.0,3.179,0.797,23.0,28.867,0.517,47149.0,1.177,178.0,4.0,4.882,0.819,0.26,1.976,,52.0,1.0,0.469,,,,,,,,,,,,,,,,,,,,,,,,,,,,,,,,,,,,,,,,,,,,,,,,,,,,,,,,,,,,,,,,,,,,,,,,,,,,,,,,,,,,,,,,,,,,,,,,,,,,,,,,,,,,,,,,,,,,,,,,,,,,,,,,,,,,,,,,,,,,,,,,,,,,,,,,,,,,,,,,,,,,,,,,,,,,,,,,,,,,,,,,,,,,,,,,,,,,,,,,,,,,,,,,,,,,,,,,,,,,,,,,,,,,,,,,,,,,,,,,,,,,,,,,,,,,,,,,,,,,,,4.2,,47.4,,3.5,,,246.0,27635.0,30064.0,25422.0,313.0,17353.0,18584.0,16201.0,312.0,21181.0,22065.0,20334.0,280.0,16970.0,18133.0,15854.0,12.6,1.86,,179.05,2.8,9.4,12.2,12.3,,,0.26,0.11,,1.63,2.66,5.37,16.3,,1.43,,9.72,5.82,0.96,1.97,2.7,,,,,,,,,,,,,,,,,,53.0,105.0,,,,,,,,,,,,,,,,,,,92.0,72.0,99.0,160.0,,,100.0,13.0,,,,,,,86.0,4491.0,,,,,,,,,,,,,,,,,,,0.0,18773.0,,,,,,,182.0,17.0,132.0,479.0,166.0,380.0,,,,,2.0,51.0,,,,,,,,,,,,,,,,,,,74.0,82.0,56.0,16.0,87.0,106.0,85.0,61.0,,,,,,,,,,,,,,,,,,,,,,,,,,,,,,,,,,,,,,,,,,,,,,,,,,,,,,,,,,,,,,,,,,,,,,,,951,24,89.0,89.0,80.0,73.0,88.0,79.0,85.0,74.0,86.0,85.0,,73.0,6.0,21.0,81.0,4.0,15.0,68.0,6.0,26.0,69.0,7.0,24.0,76.0,6.0,18.0,84.0,4.0,12.0,73.0,7.0,20.0,70.0,7.0,23.0,57.0,14.0,29.0,55.0,14.0,31.0,58.0,14.0,28.0,55.0,23.0,22.0,69.0,12.0,19.0,41.0,35.0,24.0,12.0,88.0,12.0,88.0,12.0,88.0,48.0,6.0,46.0,53.0,7.0,40.0,48.0,6.0,46.0,41.0,6.0,53.0,66.0,10.0,24.0,46.0,18.0,36.0,11.0,26.0,63.0,6.0,62.0,32.0,,,,2.0,2.0,2.0,2.0,3.0,2.0,2.0,1.0,3.0,2.0,2.0,,397.0,24.2,27.6,21.1,2509.0,17.3,18.4,15.9,329.0,17.3,20.1,14.7,189.0,20.0,23.3,17.1,320.0,4.3,6.0,3.1,,,,,271.0,16.3,19.3,13.5,77.0,13.8,18.7,10.3,340.0,7.0,9.4,5.1,271.0,-4.9,12.2,-20.0,260.0,74.0,397.0,0.5,19.6,-16.9,331.0,134.0,329.0,9.1,28.8,-8.8,304.0,87.0,15.5,19.1,12.4,1730.0,14.7,19.2,11.5,826.0,1.0,1.2,0.8
50,330136,MARY IMOGENE BASSETT HOSPITAL,10,2020,,,,,,,,,,,,,,,,,,,,,,,,,,,,,,,,,,,,,,,,,26.583333333333,60.000000000000,,23.333333333333,,,15.000000000000,,5.833333333333,10.0,13.000000000000,2.5,3.250000000000,,,,,,,,,,,,,,,,,7.0,0.032229,0.031472,0.023178,6.0,7.0,0.025773,9.0,0.853715,0.865400,0.875869,9.0,9.0,0.875675,,,,,,,,,,,,,,,2.0,0.88109,0.882275,0.906068,1.0,2.0,0.885663,6.0,0.882266,0.886723,0.909532,5.0,6.0,0.898394,,,,,,,,,,,,,,,,,,,,,,,1.0,0.987067,0.967801,0.844147,0.0,1.0,0.971833,,,,,,,,,,,,,,,,,,,,,,,,,,,,,,,,,,,,,,,,,,,,7.0,0.032229,0.031472,0.023178,6.0,7.0,0.025773,9.0,0.853715,0.865400,0.875869,9.0,9.0,0.875675,2.0,0.88109,0.882275,0.906068,1.0,2.0,0.885663,6.0,0.882266,0.886723,0.909532,5.0,6.0,0.898394,,,,,,,,,,,,,,,0.0,51.14,46.01,62.5,0.0,20.33,0.0,46.44,0.0,65.72,56.14,79.42,0.0,41.92,0.0,55.0,0.0,63.3,58.51,73.86,0.0,26.16,0.0,58.56,0.0,80.41,76.37,88.44,0.0,50.67,0.0,74.36,0.0,79.08,76.0,87.12,0.0,51.8,0.0,74.75,2.0,87.44,89.63,92.11,2.0,66.72,0.0,88.23,3,10,0.0,71.59,65.94,85.12,0.0,32.47,0.0,64.42,0.0,65.07,56.96,80.14,1.0,35.74,1.0,59.85,,,,,,,,,,,,,,,,,,,,,,,,,,,,,,,,,,,,,,,,,,,,,,,,,,,,,,,,,,,,,,,,,,,,,,,,,,,,,,,,,,,,,,,,,,,,,,,,,,,,,,,,,,,,,,,,,,,,,,,,,,,,,,,,,,,,,,,,,,,,,,,,,,,,,,,,,,,,,,,,,,,,,,,,,,,,,,,,,,,,,,,,,,,,,,,,,,0.9283,13.9947,302.0,35.0,12.9918,0.9597,12.7538,,,12.2393,1.0721,18.8863,191.0,44.0,20.2489,1.0163,20.8141,383.0,82.0,21.1531,0.9629,4.4236,322.0,13.0,4.2595,1.0245,16.3871,324.0,56.0,16.7893,,,0.6329,,,-0.364,,,-0.0635,,,1.6679,,,1.7606,,2.1363,,,0.9617,Yes,,,,,,,,,,,,,,,,,,,,,,,,,,,,,,,,,,,,,,,,,,,,,,,,,,,,,,,,,,,,,,,,,,,,,,,,,,,,,,,,,,,,,,,,,,,,,,,,,,,,,,,,,,,,,,,,,,,,,,,,,,,,,,,,,,,,,,,,,,,,,,,,,,,,,,,,,,,,,,,,,,,,,
51,330136,BASSETT HEALTHCARE,01,2021,0.668,6600.0,,4.0,5.986,,0.212,1.612,2.776,,23.0,8.284,,8219.0,1.803,4.1,1.168,3.0,2.568,0.297,48757.0,3.179,0.797,23.0,28.867,0.517,47149.0,1.177,178.0,4.0,4.882,0.819,0.26,1.976,,52.0,1.0,0.469,,,,,,,,,,,,,,,,,,,,,,,,,,,,,,,,,,,,,,,,,,,,,,,,,,,,,,,,,,,,,,,,,,,,,,,,,,,,,,,,,,,,,,,,,,,,,,,,,,,,,,,,,,,,,,,,,,,,,,,,,,,,,,,,,,,,,,,,,,,,,,,,,,,,,,,,,,,,,,,,,,,,,,,,,,,,,,,,,,,,,,,,,,,,,,,,,,,,,,,,,,,,,,,,,,,,,,,,,,,,,,,,,,,,,,,,,,,,,,,,,,,,,,,,,,,,,,,,,,,,,,4.2,,47.4,,3.5,,,246.0,27635.0,30064.0,25422.0,313.0,17353.0,18584.0,16201.0,312.0,21181.0,22065.0,20334.0,280.0,16970.0,18133.0,15854.0,12.6,1.86,,179.05,2.8,9.4,12.2,12.3,,,0.26,0.11,,1.63,2.66,5.37,16.3,,1.43,,9.72,5.82,0.96,1.97,2.7,,,,,,,,,,,,,,,,,,53.0,105.0,,,,,,,,,,,,,,,,,,,89.0,90.0,,,,,100.0,13.0,,,,,,,86.0,4491.0,,,,,,,,,,,,,,,,,,,0.0,18940.0,,,,,,,182.0,17.0,,,166.0,380.0,,,,,2.0,51.0,,,,,,,,,,,,,,,,,,,74.0,82.0,56.0,16.0,87.0,106.0,85.0,61.0,,,,,,,,,,,,,,,,,,,,,1.0091,14.803,271.0,41.0,14.9381,1.0955,12.8531,77.0,13.0,14.0807,0.9947,19.3949,189.0,36.0,19.2922,1.088,21.5818,402.0,100.0,23.4818,1.0679,4.3256,320.0,16.0,4.6191,1.0275,16.2064,331.0,57.0,16.652,,,2.1532,,,0.2761,,,0.5467,,,1.7699,,,0.7205,,2.3824,,,1.3081,Yes,951,24,89.0,89.0,80.0,73.0,88.0,79.0,85.0,74.0,86.0,85.0,,73.0,6.0,21.0,81.0,4.0,15.0,68.0,6.0,26.0,69.0,7.0,24.0,76.0,6.0,18.0,84.0,4.0,12.0,73.0,7.0,20.0,70.0,7.0,23.0,57.0,14.0,29.0,55.0,14.0,31.0,58.0,14.0,28.0,55.0,23.0,22.0,69.0,12.0,19.0,41.0,35.0,24.0,12.0,88.0,12.0,88.0,12.0,88.0,48.0,6.0,46.0,53.0,7.0,40.0,48.0,6.0,46.0,41.0,6.0,53.0,66.0,10.0,24.0,46.0,18.0,36.0,11.0,26.0,63.0,6.0,62.0,32.0,,,,2.0,2.0,2.0,2.0,3.0,2.0,2.0,1.0,3.0,2.0,2.0,,397.0,24.2,27.6,21.1,2509.0,17.3,18.4,15.9,329.0,17.3,20.1,14.7,189.0,20.0,23.3,17.1,320.0,4.3,6.0,3.1,,,,,271.0,16.3,19.3,13.5,77.0,13.8,18.7,10.3,329.0,6.2,8.6,4.5,271.0,-4.9,12.2,-20.0,260.0,74.0,397.0,0.5,19.6,-16.9,331.0,134.0,329.0,9.1,28.8,-8.8,304.0,87.0,13.0,16.3,10.3,2079.0,17.3,21.9,13.6,791.0,0.8,1.0,0.6
52,330136,MARY IMOGENE BASSETT HOSPITAL,01,2021,,,,,,,,,,,,,,,,,,,,,,,,,,,,,,,,,,,,,,,,,16.5,36.000000000000,,14.000000000000,,,9.000000000000,,3.500000000000,0.000000000000,16.000000000000,0.000000000000,4.000000000000,,,,,,,,,,,,,,,,,5.0,0.031157,0.034208,0.022418,6.0,6.0,0.026544,7.0,0.860355,0.877072,0.879714,0.0,7.0,0.873980,,,,,,,,0.0,0.923253,0.898917,0.938664,3.0,3.0,0.912121,0.0,0.883803,0.873315,0.906144,1.0,1.0,0.879193,1.0,0.836122,0.853671,0.870506,0.0,1.0,0.839541,,,,,,,,,,,,,,,,,,,,,,,0.0,0.987266,0.999571,0.852083,0.0,0.0,1.015605,6.0,1.0,0.687,0.164,0.0,0.0,1.0,0.668,0.0,0.774,0.714,0.0,0.0,0.0,2.776,0.0,0.754,2.192,0.0,6.0,6.0,0.819,,0.726,Not Available,0.0,,,Not Available,0.0,0.763,1.013,0.0,0.0,0.0,1.168,0.0,0.748,0.604,0.067,0.0,0.0,0.797,,,,,,,,,,,,,,,,,,,,,,,,,,,,,,,,,,,,,,,,,,,0.0,51.87,46.17,63.32,0.0,6.53,0.0,46.1467,0.0,65.61,53.41,79.58,0.0,30.6,0.0,55.7833,0.0,63.83,56.17,74.75,0.0,33.19,0.0,54.8793,0.0,79.91,74.94,88.1,0.0,41.99,0.0,75.7303,0.0,79.06,74.24,87.36,0.0,42.06,0.0,72.6168,2.0,87.38,89.36,92.17,2.0,66.94,0.0,88.1042,2,14,0.0,71.8,64.98,85.67,0.0,34.7,0.0,63.0784,0.0,65.77,54.8,81.0,0.0,33.89,0.0,56.7413,,,,,,,,,,,,,,,,,,,,,,,,,,,,,,,,,,,,,,,,,,,,,,,,,,,,,,,,,,,,,,,,,,,,,,,,,,,,,,,,,,,,,,,,,,,,,,,,,,,,,,,,,,,,,,,,,,,,,,,,,,,,,,,,,,,,,,,,,,,,,,,,,,,,,,,,,,,,,,,,,,,,,,,,,,,,,,,,,,,,,,,,,,,,,,,,,,,,,,,,,,,,,,,,,,,,,,,,,,,,,,,,,,,,,,,,,,,,,,,,,,,,,,,,,,,,,,,,,,,,,,,,,,,,,,,,,,,,,,,,,,,,,,,,,,,,,,,,,,,,,,,,,,,,,,,,,,,,,,,,,,,,,,,,,,,,,,,,,,,,,,,,,,,,,,,,,,,,,,,,,,,,,,,,,,,,,,,,,,,,,,,,,,,,,,,,,,,,,,,,,,,,,,,,,
53,330136,BASSETT HEALTHCARE,03,2021,0.668,6600.0,,4.0,5.986,,0.212,1.612,2.776,,23.0,8.284,,8219.0,1.803,4.1,1.168,3.0,2.568,0.297,48757.0,3.179,0.797,23.0,28.867,0.517,47149.0,1.177,178.0,4.0,4.882,0.819,0.26,1.976,,52.0,1.0,0.469,,,,,,,,,,,,,,,,,,,,,,,,,,,,,,,,,,,,,,,,,,,,,,,,,,,,,,,,,,,,,,,,,,,,,,,,,,,,,,,,,,,,,,,,,,,,,,,,,,,,,,,,,,,,,,,,,,,,,,,,,,,,,,,,,,,,,,,,,,,,,,,,,,,,,,,,,,,,,,,,,,,,,,,,,,,,,,,,,,,,,,,,,,,,,,,,,,,,,,,,,,,,,,,,,,,,,,,,,,,,,,,,,,,,,,,,,,,,,,,,,,,,,,,,,,,,,,,,,,,,,,4.2,,47.4,,3.5,,,246.0,27635.0,30064.0,25422.0,313.0,17353.0,18584.0,16201.0,312.0,21181.0,22065.0,20334.0,280.0,16970.0,18133.0,15854.0,12.6,1.86,,179.05,2.8,9.4,12.2,12.3,,,0.26,0.11,,1.63,2.66,5.37,16.3,,1.43,,9.72,5.82,0.96,1.97,2.7,,,,,,,,,,,,,,,,,,53.0,105.0,,,,,,,,,,,,,,,,,,,89.0,90.0,,,,,100.0,13.0,,,,,,,86.0,4491.0,,,,,,,,,,,,,,,,,,,0.0,18940.0,,,,,,,182.0,17.0,,,166.0,380.0,,,,,2.0,51.0,,,,,,,,,,,,,,,,,,,74.0,82.0,56.0,16.0,87.0,106.0,85.0,61.0,,,,,,,,,,,,,,,,,,,,,1.0091,14.803,271.0,41.0,14.9381,1.0955,12.8531,77.0,13.0,14.0807,0.9947,19.3949,189.0,36.0,19.2922,1.088,21.5818,402.0,100.0,23.4818,1.0679,4.3256,320.0,16.0,4.6191,1.0275,16.2064,331.0,57.0,16.652,,,2.1532,,,0.2761,,,0.5467,,,1.7699,,,0.7205,,2.3824,,,1.3081,Yes,951,24,89.0,89.0,80.0,73.0,88.0,79.0,85.0,74.0,86.0,85.0,,73.0,6.0,21.0,81.0,4.0,15.0,68.0,6.0,26.0,69.0,7.0,24.0,76.0,6.0,18.0,84.0,4.0,12.0,73.0,7.0,20.0,70.0,7.0,23.0,57.0,14.0,29.0,55.0,14.0,31.0,58.0,14.0,28.0,55.0,23.0,22.0,69.0,12.0,19.0,41.0,35.0,24.0,12.0,88.0,12.0,88.0,12.0,88.0,48.0,6.0,46.0,53.0,7.0,40.0,48.0,6.0,46.0,41.0,6.0,53.0,66.0,10.0,24.0,46.0,18.0,36.0,11.0,26.0,63.0,6.0,62.0,32.0,,,,2.0,2.0,2.0,2.0,3.0,2.0,2.0,1.0,3.0,2.0,2.0,,397.0,24.2,27.6,21.1,2509.0,17.3,18.4,15.9,329.0,17.3,20.1,14.7,189.0,20.0,23.3,17.1,320.0,4.3,6.0,3.1,,,,,271.0,16.3,19.3,13.5,77.0,13.8,18.7,10.3,329.0,6.2,8.6,4.5,271.0,-4.9,12.2,-20.0,260.0,74.0,397.0,0.5,19.6,-16.9,331.0,134.0,329.0,9.1,28.8,-8.8,304.0,87.0,13.0,16.3,10.3,2079.0,17.3,21.9,13.6,791.0,0.8,1.0,0.6
54,330136,MARY IMOGENE BASSETT HOSPITAL,03,2021,,,,,,,,,,,,,,,,,,,,,,,,,,,,,,,,,,,,,,,,,16.5,36.000000000000,,14.000000000000,,,9.000000000000,,3.500000000000,0.000000000000,16.000000000000,0.000000000000,4.000000000000,,,,,,,,,,,,,,,,,5.0,0.031157,0.034208,0.022418,6.0,6.0,0.026544,7.0,0.860355,0.877072,0.879714,0.0,7.0,0.873980,,,,,,,,0.0,0.923253,0.898917,0.938664,3.0,3.0,0.912121,0.0,0.883803,0.873315,0.906144,1.0,1.0,0.879193,1.0,0.836122,0.853671,0.870506,0.0,1.0,0.839541,,,,,,,,,,,,,,,,,,,,,,,0.0,0.987266,0.999571,0.852083,0.0,0.0,1.015605,6.0,1.0,0.687,0.164,0.0,0.0,1.0,0.668,0.0,0.774,0.714,0.0,0.0,0.0,2.776,0.0,0.754,2.192,0.0,6.0,6.0,0.819,,0.726,Not Available,0.0,,,Not Available,0.0,0.763,1.013,0.0,0.0,0.0,1.168,0.0,0.748,0.604,0.067,0.0,0.0,0.797,,,,,,,,,,,,,,,,,,,,,,,,,,,,,,,,,,,,,,,,,,,0.0,51.87,46.17,63.32,0.0,6.53,0.0,46.1467,0.0,65.61,53.41,79.58,0.0,30.6,0.0,55.7833,0.0,63.83,56.17,74.75,0.0,33.19,0.0,54.8793,0.0,79.91,74.94,88.1,0.0,41.99,0.0,75.7303,0.0,79.06,74.24,87.36,0.0,42.06,0.0,72.6168,2.0,87.38,89.36,92.17,2.0,66.94,0.0,88.1042,2,14,0.0,71.8,64.98,85.67,0.0,34.7,0.0,63.0784,0.0,65.77,54.8,81.0,0.0,33.89,0.0,56.7413,,,,,,,,,,,,,,,,,,,,,,,,,,,,,,,,,,,,,,,,,,,,,,,,,,,,,,,,,,,,,,,,,,,,,,,,,,,,,,,,,,,,,,,,,,,,,,,,,,,,,,,,,,,,,,,,,,,,,,,,,,,,,,,,,,,,,,,,,,,,,,,,,,,,,,,,,,,,,,,,,,,,,,,,,,,,,,,,,,,,,,,,,,,,,,,,,,,,,,,,,,,,,,,,,,,,,,,,,,,,,,,,,,,,,,,,,,,,,,,,,,,,,,,,,,,,,,,,,,,,,,,,,,,,,,,,,,,,,,,,,,,,,,,,,,,,,,,,,,,,,,,,,,,,,,,,,,,,,,,,,,,,,,,,,,,,,,,,,,,,,,,,,,,,,,,,,,,,,,,,,,,,,,,,,,,,,,,,,,,,,,,,,,,,,,,,,,,,,,,,,,,,,,,,,
55,330136,BASSETT HEALTHCARE,04,2021,0.668,6600.0,,4.0,5.986,,0.212,1.612,2.776,,23.0,8.284,,8219.0,1.803,4.1,1.168,3.0,2.568,0.297,48757.0,3.179,0.797,23.0,28.867,0.517,47149.0,1.177,178.0,4.0,4.882,0.819,0.26,1.976,,52.0,1.0,0.469,,,,,,,,,,,,,,,,,,,,,,,,,,,,,,,,,,,,,,,,,,,,,,,,,,,,,,,,,,,,,,,,,,,,,,,,,,,,,,,,,,,,,,,,,,,,,,,,,,,,,,,,,,,,,,,,,,,,,,,,,,,,,,,,,,,,,,,,,,,,,,,,,,,,,,,,,,,,,,,,,,,,,,,,,,,,,,,,,,,,,,,,,,,,,,,,,,,,,,,,,,,,,,,,,,,,,,,,,,,,,,,,,,,,,,,,,,,,,,,,,,,,,,,,,,,,,,,,,,,,,,4.2,,47.4,,3.5,,,246.0,27635.0,30064.0,25422.0,313.0,17353.0,18584.0,16201.0,312.0,21181.0,22065.0,20334.0,280.0,16970.0,18133.0,15854.0,12.6,1.86,,179.05,2.8,9.4,12.2,12.3,,,0.26,0.11,,1.63,2.66,5.37,16.3,,1.43,,9.72,5.82,0.96,1.97,2.7,,,,,,,,,,,,,,,,,,53.0,105.0,,,,,,,,,,,,,,,,,,,89.0,90.0,,,,,100.0,13.0,,,,,,,86.0,4491.0,,,,,,,,,,,,,,,,,,,0.0,18940.0,,,,,,,182.0,17.0,,,166.0,380.0,,,,,2.0,51.0,,,,,,,,,,,,,,,,,,,74.0,82.0,56.0,16.0,87.0,106.0,85.0,61.0,,,,,,,,,,,,,,,,,,,,,1.0091,14.803,271.0,41.0,14.9381,1.0955,12.8531,77.0,13.0,14.0807,0.9947,19.3949,189.0,36.0,19.2922,1.088,21.5818,402.0,100.0,23.4818,1.0679,4.3256,320.0,16.0,4.6191,1.0275,16.2064,331.0,57.0,16.652,,,2.1532,,,0.2761,,,0.5467,,,1.7699,,,0.7205,,2.3824,,,1.3081,Yes,951,24,89.0,89.0,80.0,73.0,88.0,79.0,85.0,74.0,86.0,85.0,,73.0,6.0,21.0,81.0,4.0,15.0,68.0,6.0,26.0,69.0,7.0,24.0,76.0,6.0,18.0,84.0,4.0,12.0,73.0,7.0,20.0,70.0,7.0,23.0,57.0,14.0,29.0,55.0,14.0,31.0,58.0,14.0,28.0,55.0,23.0,22.0,69.0,12.0,19.0,41.0,35.0,24.0,12.0,88.0,12.0,88.0,12.0,88.0,48.0,6.0,46.0,53.0,7.0,40.0,48.0,6.0,46.0,41.0,6.0,53.0,66.0,10.0,24.0,46.0,18.0,36.0,11.0,26.0,63.0,6.0,62.0,32.0,,,,2.0,2.0,2.0,2.0,3.0,2.0,2.0,1.0,3.0,2.0,2.0,,397.0,24.2,27.6,21.1,2509.0,17.3,18.4,15.9,329.0,17.3,20.1,14.7,189.0,20.0,23.3,17.1,320.0,4.3,6.0,3.1,,,,,271.0,16.3,19.3,13.5,77.0,13.8,18.7,10.3,329.0,6.2,8.6,4.5,271.0,-4.9,12.2,-20.0,260.0,74.0,397.0,0.5,19.6,-16.9,331.0,134.0,329.0,9.1,28.8,-8.8,304.0,87.0,13.0,16.3,10.3,2079.0,17.3,21.9,13.6,791.0,0.8,1.0,0.6
56,330136,MARY IMOGENE BASSETT HOSPITAL,04,2021,,,,,,,,,,,,,,,,,,,,,,,,,,,,,,,,,,,,,,,,,16.5,36.000000000000,,14.000000000000,,,9.000000000000,,3.500000000000,0.000000000000,16.000000000000,0.000000000000,4.000000000000,,,,,,,,,,,,,,,,,5.0,0.031157,0.034208,0.022418,6.0,6.0,0.026544,7.0,0.860355,0.877072,0.879714,0.0,7.0,0.873980,,,,,,,,0.0,0.923253,0.898917,0.938664,3.0,3.0,0.912121,0.0,0.883803,0.873315,0.906144,1.0,1.0,0.879193,1.0,0.836122,0.853671,0.870506,0.0,1.0,0.839541,,,,,,,,,,,,,,,,,,,,,,,0.0,0.987266,0.999571,0.852083,0.0,0.0,1.015605,6.0,1.0,0.687,0.164,0.0,0.0,1.0,0.668,0.0,0.774,0.714,0.0,0.0,0.0,2.776,0.0,0.754,2.192,0.0,6.0,6.0,0.819,,0.726,Not Available,0.0,,,Not Available,0.0,0.763,1.013,0.0,0.0,0.0,1.168,0.0,0.748,0.604,0.067,0.0,0.0,0.797,,,,,,,,,,,,,,,,,,,,,,,,,,,,,,,,,,,,,,,,,,,0.0,51.87,46.17,63.32,0.0,6.53,0.0,46.1467,0.0,65.61,53.41,79.58,0.0,30.6,0.0,55.7833,0.0,63.83,56.17,74.75,0.0,33.19,0.0,54.8793,0.0,79.91,74.94,88.1,0.0,41.99,0.0,75.7303,0.0,79.06,74.24,87.36,0.0,42.06,0.0,72.6168,2.0,87.38,89.36,92.17,2.0,66.94,0.0,88.1042,2,14,0.0,71.8,64.98,85.67,0.0,34.7,0.0,63.0784,0.0,65.77,54.8,81.0,0.0,33.89,0.0,56.7413,,,,,,,,,,,,,,,,,,,,,,,,,,,,,,,,,,,,,,,,,,,,,,,,,,,,,,,,,,,,,,,,,,,,,,,,,,,,,,,,,,,,,,,,,,,,,,,,,,,,,,,,,,,,,,,,,,,,,,,,,,,,,,,,,,,,,,,,,,,,,,,,,,,,,,,,,,,,,,,,,,,,,,,,,,,,,,,,,,,,,,,,,,,,,,,,,,,,,,,,,,,,,,,,,,,,,,,,,,,,,,,,,,,,,,,,,,,,,,,,,,,,,,,,,,,,,,,,,,,,,,,,,,,,,,,,,,,,,,,,,,,,,,,,,,,,,,,,,,,,,,,,,,,,,,,,,,,,,,,,,,,,,,,,,,,,,,,,,,,,,,,,,,,,,,,,,,,,,,,,,,,,,,,,,,,,,,,,,,,,,,,,,,,,,,,,,,,,,,,,,,,,,,,,,
57,330136,BASSETT HEALTHCARE,07,2021,0.697,6336.0,,4.0,5.742,,0.221,1.68,2.712,,22.0,8.112,,8034.0,1.743,4.039,0.789,2.0,2.534,0.132,48153.0,2.608,0.654,18.0,27.543,0.399,46498.0,1.013,183.0,4.0,5.017,0.797,0.253,1.923,,47.0,0.0,0.404,,,,,,,,,,,,,,,,,,,,,,,,,,,,,,,,,,,,,,,,,,,,,,,,,,,,,,,,,,,,,,,,,,,,,,,,,,,,,,,,,,,,,,,,,,,,,,,,,,,,,,,,,,,,,,,,,,,,,,,,,,,,,,,,,,,,,,,,,,,,,,,,,,,,,,,,,,,,,,,,,,,,,,,,,,,,,,,,,,,,,,,,,,,,,,,,,,,,,,,,,,,,,,,,,,,,,,,,,,,,,,,,,,,,,,,,,,,,,,,,,,,,,,,,,,,,,,,,,,,,,,0.0,,,,8.2,,,190.0,27639.0,30367.0,25339.0,264.0,16939.0,18190.0,15744.0,245.0,21283.0,22307.0,20319.0,234.0,17718.0,19022.0,16455.0,12.2,0.8,,177.23,2.9,8.3,13.2,12.4,,,0.26,0.09,,1.68,3.08,3.81,17.2,,1.57,,5.59,5.79,0.94,2.69,2.4,,,,,,,,,,,,,,,,,,49.0,41.0,,,,,,,,,,,,,,,,,,,89.0,90.0,,,,,100.0,13.0,,,,,,,86.0,4491.0,,,,,,,,,,,,,,,,,,,0.0,18940.0,,,,,,,,,,,169.0,193.0,,,,,5.0,21.0,,,,,,,,,,,,,,,,,,,74.0,27.0,,,83.0,41.0,63.0,19.0,,,,,,,,,,,,,,,,,,,,,1.0091,14.803,271.0,41.0,14.9381,1.0955,12.8531,77.0,13.0,14.0807,0.9947,19.3949,189.0,36.0,19.2922,1.088,21.5818,402.0,100.0,23.4818,1.0679,4.3256,320.0,16.0,4.6191,1.0275,16.2064,331.0,57.0,16.652,,,2.1532,,,0.2761,,,0.5467,,,1.7699,,,0.7205,,2.3824,,,1.3081,Yes,951,24,89.0,89.0,80.0,73.0,88.0,79.0,85.0,74.0,86.0,85.0,,73.0,6.0,21.0,81.0,4.0,15.0,68.0,6.0,26.0,69.0,7.0,24.0,76.0,6.0,18.0,84.0,4.0,12.0,73.0,7.0,20.0,70.0,7.0,23.0,57.0,14.0,29.0,55.0,14.0,31.0,58.0,14.0,28.0,55.0,23.0,22.0,69.0,12.0,19.0,41.0,35.0,24.0,12.0,88.0,12.0,88.0,12.0,88.0,48.0,6.0,46.0,53.0,7.0,40.0,48.0,6.0,46.0,41.0,6.0,53.0,66.0,10.0,24.0,46.0,18.0,36.0,11.0,26.0,63.0,6.0,62.0,32.0,,,,2.0,2.0,2.0,2.0,3.0,2.0,2.0,1.0,3.0,2.0,2.0,,326.0,23.1,26.4,20.1,1045.0,16.0,17.1,14.8,265.0,17.5,20.4,14.7,146.0,19.7,23.0,16.6,243.0,4.2,5.9,2.9,,,,,208.0,16.7,19.9,14.0,59.0,14.4,19.5,10.5,329.0,6.2,8.6,4.5,208.0,6.7,28.2,-11.7,199.0,52.0,326.0,-8.8,11.4,-27.2,278.0,107.0,265.0,38.5,63.1,16.8,245.0,71.0,13.0,16.3,10.3,2079.0,17.3,21.9,13.6,791.0,0.8,1.0,0.6
58,330136,MARY IMOGENE BASSETT HOSPITAL,07,2021,,,,,,,,,,,,,,,,,,,,,,,,,,,,,,,,,,,,,,,,,16.5,36.000000000000,,14.000000000000,,,9.000000000000,,3.500000000000,0.000000000000,16.000000000000,0.000000000000,4.000000000000,,,,,,,,,,,,,,,,,5.0,0.031157,0.034208,0.022418,6.0,6.0,0.026544,7.0,0.860355,0.877072,0.879714,0.0,7.0,0.873980,,,,,,,,0.0,0.923253,0.898917,0.938664,3.0,3.0,0.912121,0.0,0.883803,0.873315,0.906144,1.0,1.0,0.879193,1.0,0.836122,0.853671,0.870506,0.0,1.0,0.839541,,,,,,,,,,,,,,,,,,,,,,,0.0,0.987266,0.999571,0.852083,0.0,0.0,1.015605,6.0,1.0,0.687,0.164,0.0,0.0,1.0,0.668,0.0,0.774,0.714,0.0,0.0,0.0,2.776,0.0,0.754,2.192,0.0,6.0,6.0,0.819,,0.726,Not Available,0.0,,,Not Available,0.0,0.763,1.013,0.0,0.0,0.0,1.168,0.0,0.748,0.604,0.067,0.0,0.0,0.797,,,,,,,,,,,,,,,,,,,,,,,,,,,,,,,,,,,,,,,,,,,0.0,51.87,46.17,63.32,0.0,6.53,0.0,46.1467,0.0,65.61,53.41,79.58,0.0,30.6,0.0,55.7833,0.0,63.83,56.17,74.75,0.0,33.19,0.0,54.8793,0.0,79.91,74.94,88.1,0.0,41.99,0.0,75.7303,0.0,79.06,74.24,87.36,0.0,42.06,0.0,72.6168,2.0,87.38,89.36,92.17,2.0,66.94,0.0,88.1042,2,14,0.0,71.8,64.98,85.67,0.0,34.7,0.0,63.0784,0.0,65.77,54.8,81.0,0.0,33.89,0.0,56.7413,,,,,,,,,,,,,,,,,,,,,,,,,,,,,,,,,,,,,,,,,,,,,,,,,,,,,,,,,,,,,,,,,,,,,,,,,,,,,,,,,,,,,,,,,,,,,,,,,,,,,,,,,,,,,,,,,,,,,,,,,,,,,,,,,,,,,,,,,,,,,,,,,,,,,,,,,,,,,,,,,,,,,,,,,,,,,,,,,,,,,,,,,,,,,,,,,,,,,,,,,,,,,,,,,,,,,,,,,,,,,,,,,,,,,,,,,,,,,,,,,,,,,,,,,,,,,,,,,,,,,,,,,,,,,,,,,,,,,,,,,,,,,,,,,,,,,,,,,,,,,,,,,,,,,,,,,,,,,,,,,,,,,,,,,,,,,,,,,,,,,,,,,,,,,,,,,,,,,,,,,,,,,,,,,,,,,,,,,,,,,,,,,,,,,,,,,,,,,,,,,,,,,,,,,
59,330136,BASSETT HEALTHCARE,10,2021,1.164,6650.0,,7.0,6.016,,0.509,2.302,3.222,,27.0,8.379,,8282.0,2.167,4.624,0.775,2.0,2.579,0.13,48773.0,2.562,0.545,14.0,25.679,0.31,47111.0,0.893,194.0,5.0,5.471,0.914,0.335,2.026,,57.0,0.0,0.524,,,,,,,,,,,,,,,,,,,,,,,,,,,,,,,,,,,,,,,,,,,,,,,,,,,,,,,,,,,,,,,,,,,,,,,,,,,,,,,,,,,,,,,,,,,,,,,,,,,,,,,,,,,,,,,,,,,,,,,,,,,,,,,,,,,,,,,,,,,,,,,,,,,,,,,,,,,,,,,,,,,,,,,,,,,,,,,,,,,,,,,,,,,,,,,,,,,,,,,,,,,,,,,,,,,,,,,,,,,,,,,,,,,,,,,,,,,,,,,,,,,,,,,,,,,,,,,,,,,,,,0.0,,,,8.2,,,190.0,27639.0,30367.0,25339.0,264.0,16939.0,18190.0,15744.0,245.0,21283.0,22307.0,20319.0,234.0,17718.0,19022.0,16455.0,12.2,0.8,,177.23,2.9,8.3,13.2,12.4,,,0.26,0.09,,1.68,3.08,3.81,17.2,,1.57,,5.59,5.79,0.94,2.68,2.4,,,,,,,,,,,,,,,,,,54.0,46.0,,,,,,,,,,,,,,,,,,,89.0,90.0,,,,,100.0,13.0,,,,,,,76.0,4506.0,,,,,,,,,,,,,,,,,,,0.0,18940.0,,,,,,,,,,,184.0,177.0,,,,,0.0,25.0,,,,,,,,,,,,,,,,,,,78.0,32.0,,,80.0,46.0,77.0,22.0,,,,,,,,,,,,,,,,,,,,,1.0091,14.803,271.0,41.0,14.9381,1.0955,12.8531,77.0,13.0,14.0807,0.9947,19.3949,189.0,36.0,19.2922,1.088,21.5818,402.0,100.0,23.4818,1.0679,4.3256,320.0,16.0,4.6191,1.0275,16.2064,331.0,57.0,16.652,,,2.1532,,,0.2761,,,0.5467,,,1.7699,,,0.7205,,2.3824,,,1.3081,Yes,435,23,88.0,87.0,76.0,73.0,85.0,76.0,85.0,73.0,83.0,83.0,,71.0,7.0,22.0,82.0,4.0,14.0,66.0,9.0,25.0,65.0,8.0,27.0,71.0,9.0,20.0,78.0,5.0,17.0,69.0,9.0,22.0,65.0,11.0,24.0,51.0,19.0,30.0,45.0,22.0,33.0,56.0,16.0,28.0,53.0,24.0,23.0,69.0,12.0,19.0,38.0,36.0,26.0,15.0,85.0,14.0,86.0,16.0,84.0,53.0,8.0,39.0,55.0,10.0,35.0,54.0,7.0,39.0,51.0,6.0,43.0,67.0,10.0,23.0,45.0,20.0,35.0,13.0,30.0,57.0,6.0,58.0,36.0,,,,2.0,2.0,2.0,2.0,3.0,1.0,3.0,1.0,2.0,3.0,2.0,,326.0,23.1,26.4,20.1,1045.0,16.0,17.1,14.8,265.0,17.5,20.4,14.7,146.0,19.7,23.0,16.6,243.0,4.2,5.9,2.9,,,,,208.0,16.7,19.9,14.0,59.0,14.4,19.5,10.5,329.0,6.2,8.6,4.5,208.0,6.7,28.2,-11.7,199.0,52.0,326.0,-8.8,11.4,-27.2,278.0,107.0,265.0,38.5,63.1,16.8,245.0,71.0,13.0,16.3,10.3,2079.0,17.3,21.9,13.6,791.0,0.8,1.0,0.6
60,330136,MARY IMOGENE BASSETT HOSPITAL,10,2021,,,,,,,,,,,,,,,,,,,,,,,,,,,,,,,,,,,,,,,,,16.5,36.000000000000,,14.000000000000,,,9.000000000000,,3.500000000000,0.000000000000,16.000000000000,0.000000000000,4.000000000000,,,,,,,,,,,,,,,,,5.0,0.031157,0.034208,0.022418,6.0,6.0,0.026544,7.0,0.860355,0.877072,0.879714,0.0,7.0,0.873980,,,,,,,,0.0,0.923253,0.898917,0.938664,3.0,3.0,0.912121,0.0,0.883803,0.873315,0.906144,1.0,1.0,0.879193,1.0,0.836122,0.853671,0.870506,0.0,1.0,0.839541,,,,,,,,,,,,,,,,,,,,,,,0.0,0.987266,0.999571,0.852083,0.0,0.0,1.015605,6.0,1.0,0.687,0.164,0.0,0.0,1.0,0.668,0.0,0.774,0.714,0.0,0.0,0.0,2.776,0.0,0.754,2.192,0.0,6.0,6.0,0.819,,0.726,Not Available,0.0,,,Not Available,0.0,0.763,1.013,0.0,0.0,0.0,1.168,0.0,0.748,0.604,0.067,0.0,0.0,0.797,,,,,,,,,,,,,,,,,,,,,,,,,,,,,,,,,,,,,,,,,,,0.0,51.87,46.17,63.32,0.0,6.53,0.0,46.1467,0.0,65.61,53.41,79.58,0.0,30.6,0.0,55.7833,0.0,63.83,56.17,74.75,0.0,33.19,0.0,54.8793,0.0,79.91,74.94,88.1,0.0,41.99,0.0,75.7303,0.0,79.06,74.24,87.36,0.0,42.06,0.0,72.6168,2.0,87.38,89.36,92.17,2.0,66.94,0.0,88.1042,2,14,0.0,71.8,64.98,85.67,0.0,34.7,0.0,63.0784,0.0,65.77,54.8,81.0,0.0,33.89,0.0,56.7413,,,,,,,,,,,,,,,,,,,,,,,,,,,,,,,,,,,,,,,,,,,,,,,,,,,,,,,,,,,,,,,,,,,,,,,,,,,,,,,,,,,,,,,,,,,,,,,,,,,,,,,,,,,,,,,,,,,,,,,,,,,,,,,,,,,,,,,,,,,,,,,,,,,,,,,,,,,,,,,,,,,,,,,,,,,,,,,,,,,,,,,,,,,,,,,,,,,,,,,,,,,,,,,,,,,,,,,,,,,,,,,,,,,,,,,,,,,,,,,,,,,,,,,,,,,,,,,,,,,,,,,,,,,,,,,,,,,,,,,,,,,,,,,,,,,,,,,,,,,,,,,,,,,,,,,,,,,,,,,,,,,,,,,,,,,,,,,,,,,,,,,,,,,,,,,,,,,,,,,,,,,,,,,,,,,,,,,,,,,,,,,,,,,,,,,,,,,,,,,,,,,,,,,,,
61,330136,BASSETT HEALTHCARE,01,2022,1.738,6981.0,,11.0,6.328,,0.914,3.021,2.967,,26.0,8.764,,8652.0,1.979,4.285,0.722,2.0,2.769,0.121,47653.0,2.386,0.582,13.0,22.322,0.324,46027.0,0.971,188.0,3.0,5.258,0.571,0.145,1.553,,72.0,0.0,0.681,,,,,,,,,,,,,,,,,,,,,,,,,,,,,,,,,,,,,,,,,,,,,,,,,,,,,,,,,,,,,,,,,,,,,,,,,,,,,,,,,,,,,,,,,,,,,,,,,,,,,,,,,,,,,,,,,,,,,,,,,,,,,,,,,,,,,,,,,,,,,,,,,,,,,,,,,,,,,,,,,,,,,,,,,,,,,,,,,,,,,,,,,,,,,,,,,,,,,,,,,,,,,,,,,,,,,,,,,,,,,,,,,,,,,,,,,,,,,,,,,,,,,,,,,,,,,,,,,,,,,,0.0,,,,8.2,,,190.0,27639.0,30367.0,25339.0,264.0,16939.0,18190.0,15744.0,245.0,21283.0,22307.0,20319.0,234.0,17718.0,19022.0,16455.0,12.2,0.8,,177.23,2.9,8.3,13.2,12.4,,,0.26,0.09,,1.68,3.08,3.81,17.2,,1.57,,5.59,5.79,0.94,2.68,2.4,,,,,,,,,,,,,,,,,,57.0,69.0,,,,,,,,,,,,,,,,,,,93.0,42.0,,,,,,,,,,,,,76.0,4506.0,,,,,,,,,,,,,,,,,,,1.0,14752.0,,,,,,,299.0,14.0,,,183.0,267.0,,,,,0.0,38.0,,,,,,,,,,,,,,,,,,,78.0,51.0,,,84.0,69.0,80.0,35.0,,,,,,,,,,,,,,,,,,,,,1.058,14.8567,208.0,36.0,15.7191,1.1549,13.0178,59.0,12.0,15.034,0.9875,19.5049,146.0,27.0,19.2609,1.0331,21.6583,330.0,76.0,22.3744,1.052,4.3389,243.0,12.0,4.5645,1.0304,16.006,266.0,46.0,16.4932,,,2.1907,,,0.7866,,,0.0238,,,0.6926,,,0.223,,2.3958,,,1.0521,Yes,650,23,88.0,87.0,76.0,73.0,85.0,77.0,85.0,73.0,84.0,84.0,,71.0,6.0,23.0,81.0,4.0,15.0,67.0,8.0,25.0,64.0,8.0,28.0,70.0,8.0,22.0,79.0,5.0,16.0,67.0,9.0,24.0,65.0,11.0,24.0,50.0,19.0,31.0,45.0,20.0,35.0,55.0,17.0,28.0,54.0,23.0,23.0,69.0,11.0,20.0,39.0,36.0,25.0,15.0,85.0,14.0,86.0,17.0,83.0,52.0,8.0,40.0,55.0,9.0,36.0,52.0,8.0,40.0,48.0,6.0,46.0,68.0,9.0,23.0,44.0,21.0,35.0,12.0,31.0,57.0,6.0,59.0,35.0,,,,2.0,2.0,1.0,2.0,3.0,2.0,3.0,1.0,2.0,3.0,2.0,,326.0,23.1,26.4,20.1,1045.0,16.0,17.1,14.8,265.0,17.5,20.4,14.7,146.0,19.7,23.0,16.6,243.0,4.2,5.9,2.9,,,,,208.0,16.7,19.9,14.0,59.0,14.4,19.5,10.5,221.0,4.0,6.0,2.7,208.0,6.7,28.2,-11.7,199.0,52.0,326.0,-8.8,11.4,-27.2,278.0,107.0,265.0,38.5,63.1,16.8,245.0,71.0,6.2,8.5,4.6,1873.0,15.4,20.3,11.7,400.0,1.2,1.6,0.9
62,330136,MARY IMOGENE BASSETT HOSPITAL,01,2022,,,,,,,,,,,,,,,,,,,,,,,,,,,,,,,,,,,,,,,,,16.5,36.000000000000,,14.000000000000,,,9.000000000000,,3.500000000000,0.000000000000,16.000000000000,0.000000000000,4.000000000000,,,,,,,,,,,,,,,,,5.0,0.031157,0.034208,0.022418,6.0,6.0,0.026544,7.0,0.860355,0.877072,0.879714,0.0,7.0,0.873980,,,,,,,,0.0,0.923253,0.898917,0.938664,3.0,3.0,0.912121,0.0,0.883803,0.873315,0.906144,1.0,1.0,0.879193,1.0,0.836122,0.853671,0.870506,0.0,1.0,0.839541,,,,,,,,,,,,,,,,,,,,,,,0.0,0.987266,0.999571,0.852083,0.0,0.0,1.015605,6.0,1.0,0.687,0.164,0.0,0.0,1.0,0.668,0.0,0.774,0.714,0.0,0.0,0.0,2.776,0.0,0.754,2.192,0.0,6.0,6.0,0.819,,0.726,Not Available,0.0,,,Not Available,0.0,0.763,1.013,0.0,0.0,0.0,1.168,0.0,0.748,0.604,0.067,0.0,0.0,0.797,,,,,,,,,,,,,,,,,,,,,,,,,,,,,,,,,,,,,,,,,,,0.0,51.87,46.17,63.32,0.0,6.53,0.0,46.1467,0.0,65.61,53.41,79.58,0.0,30.6,0.0,55.7833,0.0,63.83,56.17,74.75,0.0,33.19,0.0,54.8793,0.0,79.91,74.94,88.1,0.0,41.99,0.0,75.7303,0.0,79.06,74.24,87.36,0.0,42.06,0.0,72.6168,2.0,87.38,89.36,92.17,2.0,66.94,0.0,88.1042,2,14,0.0,71.8,64.98,85.67,0.0,34.7,0.0,63.0784,0.0,65.77,54.8,81.0,0.0,33.89,0.0,56.7413,,,,,,,,,,,,,,,,,,,,,,,,,,,,,,,,,,,,,,,,,,,,,,,,,,,,,,,,,,,,,,,,,,,,,,,,,,,,,,,,,,,,,,,,,,,,,,,,,,,,,,,,,,,,,,,,,,,,,,,,,,,,,,,,,,,,,,,,,,,,,,,,,,,,,,,,,,,,,,,,,,,,,,,,,,,,,,,,,,,,,,,,,,,,,,,,,,,,,,,,,,,,,,,,,,,,,,,,,,,,,,,,,,,,,,,,,,,,,,,,,,,,,,,,,,,,,,,,,,,,,,,,,,,,,,,,,,,,,,,,,,,,,,,,,,,,,,,,,,,,,,,,,,,,,,,,,,,,,,,,,,,,,,,,,,,,,,,,,,,,,,,,,,,,,,,,,,,,,,,,,,,,,,,,,,,,,,,,,,,,,,,,,,,,,,,,,,,,,,,,,,,,,,,,,
63,330136,BASSETT HEALTHCARE,04,2022,1.738,6981.0,,11.0,6.328,,0.914,3.021,2.967,,26.0,8.764,,8652.0,1.979,4.285,0.722,2.0,2.769,0.121,47653.0,2.386,0.582,13.0,22.322,0.324,46027.0,0.971,188.0,3.0,5.258,0.571,0.145,1.553,,72.0,0.0,0.681,,,Not Available,38.333333333333,Not Available,Not Available,Not Available,Not Available,9.583333333333,Not Available,Not Available,,,,,,,,,,,,,,,,,,,,,7.0,0.029833,0.034881,0.021493,8.0,3.0,0.023619,9.0,0.861793,0.879546,0.881305,2.0,9.0,0.880060,2.0,0.96821,0.970338,0.979,0.0,2.0,0.970517,0.0,0.920058,0.920891,0.936962,0.0,0.0,0.918186,0.0,0.879869,0.866119,0.903608,2.0,2.0,0.876692,2.0,0.836122,0.853671,0.870506,0.0,2.0,0.840595,,,,,,,,,,,,,,,,,,,,,,,,0.993095,0.971833,0.854866,,,0.974810,,,0.633,1.165,0.0,,,1.823,,0.727,1.535,0.0,,,2.847,,0.749,1.609,0.0,,,1.022,,0.727,Not Available,0.0,,,Not Available,,0.748,2.493,0.0,,,0.641,,0.646,0.578,0.047,,,0.459,,,,,,,,,,,,,,,,,,,,,,,,,,,,,,,,,,,,,,,,,,,,51.69,46.4372,63.11,,6.84,,38.8438,,65.46,54.9991,79.41,,5.89,,55.8209,,63.59,58.5555,74.31,,10.62,,53.4323,,79.72,74.3559,87.85,,19.03,,70.7475,,79.18,74.7488,87.53,,15.73,,70.8536,,87.12,88.2327,91.95,,66.78,,84.9401,Not Available,Not Available,,71.37,64.4184,85.18,,19.09,,56.8373,,65.95,59.8493,81.29,,25.71,,50.6313,,,,,,,,,0.0,,,,8.2,,,190.0,27639.0,30367.0,25339.0,264.0,16939.0,18190.0,15744.0,245.0,21283.0,22307.0,20319.0,234.0,17718.0,19022.0,16455.0,12.2,0.8,,177.23,2.9,8.3,13.2,12.4,,,0.26,0.09,,1.68,3.08,3.81,17.2,,1.57,,5.59,5.79,0.94,2.68,2.4,,,,,,,,,,,,,,,,,,57.0,69.0,,,,,,,,,,,,,,,,,,,93.0,42.0,,,,,,,,,,,,,76.0,4506.0,,,,,,,,,,,,,,,,,,,1.0,14752.0,,,,,,,299.0,14.0,,,183.0,267.0,,,,,0.0,38.0,,,,,,,,,,,,,,,,,,,78.0,51.0,,,84.0,69.0,80.0,35.0,,,,,,,,,,,,,,,,,,,,,1.058,14.8567,208.0,36.0,15.7191,1.1549,13.0178,59.0,12.0,15.034,0.9875,19.5049,146.0,27.0,19.2609,1.0331,21.6583,330.0,76.0,22.3744,1.052,4.3389,243.0,12.0,4.5645,1.0304,16.006,266.0,46.0,16.4932,,,2.1907,,,0.7866,,,0.0238,,,0.6926,,,0.223,,2.3958,,,1.0521,Yes,650,23,88.0,87.0,76.0,73.0,85.0,77.0,85.0,73.0,84.0,84.0,,71.0,6.0,23.0,81.0,4.0,15.0,67.0,8.0,25.0,64.0,8.0,28.0,70.0,8.0,22.0,79.0,5.0,16.0,67.0,9.0,24.0,65.0,11.0,24.0,50.0,19.0,31.0,45.0,20.0,35.0,55.0,17.0,28.0,54.0,23.0,23.0,69.0,11.0,20.0,39.0,36.0,25.0,15.0,85.0,14.0,86.0,17.0,83.0,52.0,8.0,40.0,55.0,9.0,36.0,52.0,8.0,40.0,48.0,6.0,46.0,68.0,9.0,23.0,44.0,21.0,35.0,12.0,31.0,57.0,6.0,59.0,35.0,,,,2.0,2.0,1.0,2.0,3.0,2.0,3.0,1.0,2.0,3.0,2.0,,326.0,23.1,26.4,20.1,1045.0,16.0,17.1,14.8,265.0,17.5,20.4,14.7,146.0,19.7,23.0,16.6,243.0,4.2,5.9,2.9,,,,,208.0,16.7,19.9,14.0,59.0,14.4,19.5,10.5,221.0,4.0,6.0,2.7,208.0,6.7,28.2,-11.7,199.0,52.0,326.0,-8.8,11.4,-27.2,278.0,107.0,265.0,38.5,63.1,16.8,245.0,71.0,6.2,8.5,4.6,1873.0,15.4,20.3,11.7,400.0,1.2,1.6,0.9
64,330136,BASSETT HEALTHCARE,07,2022,1.685,7189.0,,11.0,6.53,,0.886,2.928,2.217,,20.0,9.023,,8893.0,1.392,3.363,0.363,1.0,2.756,0.018,49235.0,1.79,0.472,9.0,19.086,0.23,47625.0,0.865,194.0,2.0,5.465,0.366,0.061,1.209,,79.0,0.0,0.741,,,Not Available,38.333333333333,Not Available,Not Available,Not Available,Not Available,9.583333333333,Not Available,Not Available,,,,,,,,,,,,,,,,,,,,,7.0,0.029833,0.034881,0.021493,8.0,3.0,0.023619,9.0,0.861793,0.879546,0.881305,2.0,9.0,0.880060,2.0,0.96821,0.970338,0.979,0.0,2.0,0.970517,0.0,0.920058,0.920891,0.936962,0.0,0.0,0.918186,0.0,0.879869,0.866119,0.903608,2.0,2.0,0.876692,2.0,0.836122,0.853671,0.870506,0.0,2.0,0.840595,,,,,,,,,,,,,,,,,,,,,,,,0.993095,0.971833,0.854866,,,0.974810,,,0.633,1.165,0.0,,,1.823,,0.727,1.535,0.0,,,2.847,,0.749,1.609,0.0,,,1.022,,0.727,Not Available,0.0,,,Not Available,,0.748,2.493,0.0,,,0.641,,0.646,0.578,0.047,,,0.459,,,,,,,,,,,,,,,,,,,,,,,,,,,,,,,,,,,,,,,,,,,,51.69,46.4372,63.11,,6.84,,38.8438,,65.46,54.9991,79.41,,5.89,,55.8209,,63.59,58.5555,74.31,,10.62,,53.4323,,79.72,74.3559,87.85,,19.03,,70.7475,,79.18,74.7488,87.53,,15.73,,70.8536,,87.12,88.2327,91.95,,66.78,,84.9401,Not Available,Not Available,,71.37,64.4184,85.18,,19.09,,56.8373,,65.95,59.8493,81.29,,25.71,,50.6313,,,,,,,,,1.4,4.8,41.9,,3.6,,,196.0,25883.0,28394.0,23740.0,238.0,16977.0,18394.0,15787.0,176.0,21378.0,22642.0,20224.0,211.0,18791.0,19634.0,18434.0,12.0,,,,2.3,8.1,13.4,13.2,,,,,,,,,,,,,,,,,2.1,,,,,,,,,,,,,,,,,,57.0,102.0,,,,,,,,,,,,,,,,,,,93.0,42.0,,,,,,,,,,,,,76.0,4506.0,,,,,,,,,,,,,,,,,,,1.0,14752.0,,,,,,,317.0,17.0,,,178.0,377.0,,,,,0.0,56.0,,,,,,,,,,,,,,,,,,,76.0,66.0,91.0,11.0,82.0,102.0,82.0,51.0,,,,,,,,,,,,,,,,,,,,,1.058,14.8567,208.0,36.0,15.7191,1.1549,13.0178,59.0,12.0,15.034,0.9875,19.5049,146.0,27.0,19.2609,1.0331,21.6583,330.0,76.0,22.3744,1.052,4.3389,243.0,12.0,4.5645,1.0304,16.006,266.0,46.0,16.4932,,,2.1907,,,0.7866,,,0.0238,,,0.6926,,,0.223,,2.3958,,,1.0521,Yes,827,22,87.0,87.0,76.0,74.0,85.0,78.0,84.0,73.0,83.0,83.0,,70.0,7.0,23.0,80.0,5.0,15.0,65.0,8.0,27.0,66.0,8.0,26.0,70.0,8.0,22.0,78.0,5.0,17.0,66.0,10.0,24.0,64.0,10.0,26.0,49.0,19.0,32.0,46.0,20.0,34.0,52.0,17.0,31.0,55.0,22.0,23.0,69.0,9.0,22.0,41.0,35.0,24.0,15.0,85.0,14.0,86.0,16.0,84.0,50.0,7.0,43.0,54.0,9.0,37.0,50.0,7.0,43.0,47.0,5.0,48.0,65.0,10.0,25.0,45.0,20.0,35.0,14.0,28.0,58.0,8.0,60.0,32.0,,,,2.0,2.0,1.0,2.0,3.0,2.0,3.0,1.0,2.0,2.0,2.0,,286.0,20.7,23.9,17.6,2038.0,15.6,16.7,14.6,,,,,113.0,18.4,22.2,15.3,180.0,4.4,6.3,3.0,,,,,207.0,15.6,18.6,12.8,54.0,13.7,18.5,9.8,,,,,207.0,5.8,28.4,-12.8,201.0,48.0,286.0,-10.8,10.3,-30.9,253.0,84.0,224.0,39.0,67.6,15.2,211.0,58.0,,,,,,,,400.0,1.2,1.6,0.9
65,330136,BASSETT HEALTHCARE,10,2022,1.215,7244.0,,8.0,6.585,,0.564,2.307,2.035,,18.0,8.844,,8709.0,1.244,3.154,0.737,2.0,2.712,0.124,48634.0,2.436,0.472,9.0,19.05,0.23,47069.0,0.867,184.0,1.0,5.151,0.194,0.01,0.957,,67.0,0.0,0.603,,,Not Available,38.333333333333,Not Available,Not Available,Not Available,Not Available,9.583333333333,Not Available,Not Available,,,,,,,,,,,,,,,,,,,,,7.0,0.029833,0.034881,0.021493,8.0,3.0,0.023619,9.0,0.861793,0.879546,0.881305,2.0,9.0,0.880060,2.0,0.96821,0.970338,0.979,0.0,2.0,0.970517,0.0,0.920058,0.920891,0.936962,0.0,0.0,0.918186,0.0,0.879869,0.866119,0.903608,2.0,2.0,0.876692,2.0,0.836122,0.853671,0.870506,0.0,2.0,0.840595,,,,,,,,,,,,,,,,,,,,,,,,0.993095,0.971833,0.854866,,,0.974810,,,0.633,1.165,0.0,,,1.823,,0.727,1.535,0.0,,,2.847,,0.749,1.609,0.0,,,1.022,,0.727,Not Available,0.0,,,Not Available,,0.748,2.493,0.0,,,0.641,,0.646,0.578,0.047,,,0.459,,,,,,,,,,,,,,,,,,,,,,,,,,,,,,,,,,,,,,,,,,,,51.69,46.4372,63.11,,6.84,,38.8438,,65.46,54.9991,79.41,,5.89,,55.8209,,63.59,58.5555,74.31,,10.62,,53.4323,,79.72,74.3559,87.85,,19.03,,70.7475,,79.18,74.7488,87.53,,15.73,,70.8536,,87.12,88.2327,91.95,,66.78,,84.9401,Not Available,Not Available,,71.37,64.4184,85.18,,19.09,,56.8373,,65.95,59.8493,81.29,,25.71,,50.6313,,,,,,,,,6.8,4.8,41.9,,3.6,,,196.0,25883.0,28394.0,23740.0,238.0,16977.0,18394.0,15787.0,176.0,21378.0,22642.0,20224.0,211.0,18791.0,19634.0,18434.0,12.0,,,,2.3,8.1,13.4,13.2,,,,,,,,,,,,,,,,,2.1,,,,,,,,,,,,,,,,,,53.0,104.0,,,,,,,,,,,,,,,,,,,93.0,42.0,,,,,,,,,,,,,69.0,3866.0,,,,,,,,,,,,,,,,,,,1.0,14752.0,,,,,,,282.0,19.0,,,185.0,379.0,,,,,,,96.3,3463.0,,,,,,,,,,,,,,,,,67.0,57.0,,,84.0,104.0,77.0,53.0,,,,,,,,,,,,,,,,,,,,,1.058,14.8567,208.0,36.0,15.7191,1.1549,13.0178,59.0,12.0,15.034,0.9875,19.5049,146.0,27.0,19.2609,1.0331,21.6583,330.0,76.0,22.3744,1.052,4.3389,243.0,12.0,4.5645,1.0304,16.006,266.0,46.0,16.4932,,,2.1907,,,0.7866,,,0.0238,,,0.6926,,,0.223,,2.3958,,,1.0521,Yes,755,20,87.0,87.0,76.0,73.0,86.0,78.0,84.0,74.0,83.0,83.0,,69.0,6.0,25.0,79.0,4.0,17.0,64.0,7.0,29.0,65.0,8.0,27.0,70.0,7.0,23.0,79.0,4.0,17.0,67.0,9.0,24.0,63.0,9.0,28.0,49.0,19.0,32.0,45.0,20.0,35.0,52.0,19.0,29.0,55.0,23.0,22.0,68.0,9.0,23.0,41.0,36.0,23.0,14.0,86.0,14.0,86.0,15.0,85.0,50.0,7.0,43.0,53.0,9.0,38.0,50.0,7.0,43.0,47.0,5.0,48.0,64.0,11.0,25.0,47.0,20.0,33.0,15.0,28.0,57.0,7.0,58.0,35.0,,,,2.0,2.0,2.0,3.0,3.0,2.0,3.0,1.0,2.0,3.0,2.0,,286.0,20.7,23.9,17.6,2038.0,15.6,16.7,14.6,,,,,113.0,18.4,22.2,15.3,180.0,4.4,6.3,3.0,,,,,207.0,15.6,18.6,12.8,54.0,13.7,18.5,9.8,221.0,3.7,5.5,2.5,207.0,5.8,28.4,-12.8,201.0,48.0,286.0,-10.8,10.3,-30.9,253.0,84.0,224.0,39.0,67.6,15.2,211.0,58.0,7.6,10.0,5.7,1873.0,17.3,22.5,13.4,400.0,1.2,1.6,0.9
66,330136,BASSETT HEALTHCARE,01,2023,0.915,7228.0,,6.0,6.555,,0.371,1.904,2.036,,17.0,8.351,,8217.0,1.225,3.193,1.026,3.0,2.925,0.261,48082.0,2.791,0.596,11.0,18.471,0.313,46447.0,1.035,188.0,4.0,5.362,0.746,0.237,1.799,,51.0,0.0,0.455,,,Not Available,44.000000000000,0.0,Not Available,Not Available,0.0,11.000000000000,Not Available,Not Available,,,,,,,,,,,,,,,,,,,,,8.0,0.027428,0.032274,0.019779,8.0,8.0,0.021463,7.0,0.866548,0.881192,0.885499,0.0,7.0,0.879516,7.0,0.968747,0.967755,0.97962,7.0,7.0,0.977007,0.0,0.919769,0.923594,0.936349,0.0,0.0,0.914453,0.0,0.881939,0.869118,0.906798,0.0,0.0,0.871635,,0.840138,0.846668,0.871741,,,0.819474,,,,,,,,,,,,,,,,,,,,,,,0.0,0.98791,1.015605,0.844806,0.0,0.0,1.052036,,,0.589,0.668,0.0,,,1.215,,0.65,2.776,0.0,,,2.035,,0.717,0.819,0.0,,,0.194,,0.738,Not Available,0.0,,,Not Available,,0.726,1.168,0.0,,,0.737,,0.52,0.797,0.014,,,0.472,,,,,,,,,,,,,,,,,,,,,,,,,,,,,,,,,,,,,,,,,,,,51.84,46.1469,63.57,,25.64,,42.9959,,65.63,55.7832,79.64,,45.94,,55.2712,,63.11,54.8796,74.05,,39.82,,54.6173,,79.83,75.7303,87.97,,62.41,,69.6671,,79.42,72.6168,87.71,,53.5,,69.4904,,87.23,88.1042,92.21,,66.92,,85.7745,Not Available,Not Available,,71.66,63.0781,85.39,,36.31,,56.8756,,65.52,56.7413,81.22,,40.4,,48.7638,,,,,,,,,6.8,4.8,41.9,,3.6,,,196.0,25883.0,28394.0,23740.0,238.0,16977.0,18394.0,15787.0,176.0,21378.0,22642.0,20224.0,211.0,18791.0,19634.0,18434.0,12.0,0.9,,158.94,2.3,8.1,13.4,13.2,,,0.18,0.05,,1.45,,2.79,18.0,,0.62,2.92,6.08,3.79,0.61,3.62,2.1,,,,,,,,,,,,,,,,96.0,47.0,53.0,107.0,,,,,,,,,,,,,100.0,54.0,98.0,55.0,,,100.0,72.0,,,,,,,,,,,,,69.0,3866.0,,,,,,,,,,,,,,,,,98.0,319.0,1.0,17065.0,,,,,,,302.0,23.0,,,188.0,374.0,,,,,,,99.3,3867.0,,,,,,,,,,,,,,,,,59.0,49.0,,,82.0,107.0,80.0,55.0,,,,,,,,,,,,,,,,,,,,,1.0261,14.8983,207.0,33.0,15.2876,1.1547,12.3685,54.0,11.0,14.2823,0.9227,20.3041,114.0,15.0,18.7346,0.9536,21.5332,288.0,56.0,20.5334,1.0818,4.4425,,,4.806,1.0086,16.5374,224.0,38.0,16.6801,,2.035,,,0.472,,,1.215,,,0.737,,,0.174,,,,,,0.0,,700,19,87.0,87.0,76.0,73.0,87.0,78.0,82.0,74.0,83.0,83.0,,69.0,7.0,24.0,78.0,5.0,17.0,63.0,7.0,30.0,65.0,8.0,27.0,70.0,7.0,23.0,79.0,4.0,17.0,68.0,8.0,24.0,64.0,8.0,28.0,50.0,20.0,30.0,46.0,21.0,33.0,53.0,19.0,28.0,54.0,23.0,23.0,68.0,10.0,22.0,40.0,37.0,23.0,13.0,87.0,13.0,87.0,13.0,87.0,50.0,7.0,43.0,52.0,9.0,39.0,50.0,6.0,44.0,47.0,5.0,48.0,60.0,13.0,27.0,47.0,18.0,35.0,15.0,29.0,56.0,8.0,58.0,34.0,,,,2.0,2.0,2.0,3.0,4.0,2.0,3.0,1.0,2.0,3.0,2.0,,286.0,20.7,23.9,17.6,2038.0,15.6,16.7,14.6,224.0,17.1,20.1,14.5,113.0,18.4,22.2,15.3,180.0,4.4,6.3,3.0,,,,,207.0,15.6,18.6,12.8,54.0,13.7,18.5,9.8,317.0,7.7,10.4,5.7,207.0,5.8,28.4,-12.8,201.0,48.0,286.0,-10.8,10.3,-30.9,253.0,84.0,224.0,39.0,67.6,15.2,211.0,58.0,11.1,14.2,8.6,2213.0,15.5,19.7,12.1,685.0,0.9,1.2,0.7
67,330136,BASSETT HEALTHCARE,04,2023,1.21,7303.0,,8.0,6.614,,0.562,2.297,1.857,,15.0,8.077,,7946.0,1.079,2.994,1.907,6.0,3.146,0.773,47402.0,3.967,0.662,12.0,18.121,0.359,45787.0,1.126,203.0,5.0,5.651,0.885,0.324,1.961,,33.0,0.0,0.286,,,Not Available,44.000000000000,0.0,Not Available,Not Available,0.0,11.000000000000,Not Available,Not Available,,,,,,,,,,,,,,,,,,,,,8.0,0.027428,0.032274,0.019779,8.0,8.0,0.021463,7.0,0.866548,0.881192,0.885499,0.0,7.0,0.879516,7.0,0.968747,0.967755,0.97962,7.0,7.0,0.977007,0.0,0.919769,0.923594,0.936349,0.0,0.0,0.914453,0.0,0.881939,0.869118,0.906798,0.0,0.0,0.871635,,0.840138,0.846668,0.871741,,,0.819474,,,,,,,,,,,,,,,,,,,,,,,0.0,0.98791,1.015605,0.844806,0.0,0.0,1.052036,,,0.589,0.668,0.0,,,1.215,,0.65,2.776,0.0,,,2.035,,0.717,0.819,0.0,,,0.194,,0.738,Not Available,0.0,,,Not Available,,0.726,1.168,0.0,,,0.737,,0.52,0.797,0.014,,,0.472,,,,,,,,,,,,,,,,,,,,,,,,,,,,,,,,,,,,,,,,,,,,51.84,46.1469,63.57,,25.64,,42.9959,,65.63,55.7832,79.64,,45.94,,55.2712,,63.11,54.8796,74.05,,39.82,,54.6173,,79.83,75.7303,87.97,,62.41,,69.6671,,79.42,72.6168,87.71,,53.5,,69.4904,,87.23,88.1042,92.21,,66.92,,85.7745,Not Available,Not Available,,71.66,63.0781,85.39,,36.31,,56.8756,,65.52,56.7413,81.22,,40.4,,48.7638,,,,,,,,,6.8,4.8,41.9,,3.2,,,196.0,25883.0,28394.0,23740.0,238.0,16977.0,18394.0,15787.0,176.0,21378.0,22642.0,20224.0,211.0,18791.0,19634.0,18434.0,12.0,0.9,,158.94,2.3,8.1,13.4,13.2,,,0.18,0.05,,1.45,,2.79,18.0,,0.62,2.92,6.08,3.79,0.61,3.62,2.1,,,,,,,,,,,,,,,,96.0,47.0,57.0,104.0,,,,,,,,,,,,,100.0,54.0,98.0,55.0,,,100.0,72.0,,,,,,,,,,,,,69.0,3866.0,,,,,,,,,,,,,,,,,98.0,319.0,1.0,17065.0,,,,,,,576.0,22.0,,,193.0,359.0,,,,,,,99.3,3436.0,,,,,,,,,,,,,,,,,53.0,34.0,,,82.0,104.0,80.0,49.0,,,,,,,,,,,,,,,,,,,,,1.0261,14.8983,207.0,33.0,15.2876,1.1547,12.3685,54.0,11.0,14.2823,0.9227,20.3041,114.0,15.0,18.7346,0.9536,21.5332,288.0,56.0,20.5334,1.0818,4.4425,,,4.806,1.0086,16.5374,224.0,38.0,16.6801,,2.035,,,0.472,,,1.215,,,0.737,,,0.174,,,,,,0.0,,711,20,87.0,88.0,76.0,73.0,86.0,78.0,80.0,75.0,83.0,82.0,,70.0,7.0,23.0,78.0,4.0,18.0,65.0,7.0,28.0,66.0,9.0,25.0,73.0,7.0,20.0,81.0,4.0,15.0,71.0,8.0,21.0,66.0,8.0,26.0,50.0,20.0,30.0,46.0,19.0,35.0,53.0,21.0,26.0,57.0,23.0,20.0,70.0,11.0,19.0,44.0,36.0,20.0,14.0,86.0,14.0,86.0,14.0,86.0,51.0,7.0,42.0,54.0,9.0,37.0,51.0,7.0,42.0,47.0,6.0,47.0,58.0,14.0,28.0,46.0,17.0,37.0,15.0,28.0,57.0,9.0,56.0,35.0,,,,2.0,2.0,2.0,3.0,4.0,2.0,2.0,2.0,2.0,3.0,2.0,,286.0,20.7,23.9,17.6,2038.0,15.6,16.7,14.6,224.0,17.1,20.1,14.5,113.0,18.4,22.2,15.3,180.0,4.4,6.3,3.0,,,,,207.0,15.6,18.6,12.8,54.0,13.7,18.5,9.8,317.0,7.7,10.4,5.7,207.0,5.8,28.4,-12.8,201.0,48.0,286.0,-10.8,10.3,-30.9,253.0,84.0,224.0,39.0,67.6,15.2,211.0,58.0,11.1,14.2,8.6,2213.0,15.5,19.7,12.1,685.0,0.9,1.2,0.7
68,330136,BASSETT HEALTHCARE,07,2023,0.918,7214.0,,6.0,6.534,,0.372,1.91,1.964,,15.0,7.636,,7522.0,1.141,3.167,1.935,7.0,3.617,0.846,47457.0,3.828,0.783,14.0,17.881,0.446,45684.0,1.283,193.0,6.0,5.419,1.107,0.449,2.303,,29.0,0.0,0.244,,,Not Available,44.000000000000,0.0,Not Available,Not Available,0.0,11.000000000000,Not Available,Not Available,,,,,,,,,,,,,,,,,,,,,8.0,0.027428,0.032274,0.019779,8.0,8.0,0.021463,7.0,0.866548,0.881192,0.885499,0.0,7.0,0.879516,7.0,0.968747,0.967755,0.97962,7.0,7.0,0.977007,0.0,0.919769,0.923594,0.936349,0.0,0.0,0.914453,0.0,0.881939,0.869118,0.906798,0.0,0.0,0.871635,,0.840138,0.846668,0.871741,,,0.819474,,,,,,,,,,,,,,,,,,,,,,,0.0,0.98791,1.015605,0.844806,0.0,0.0,1.052036,,,0.589,0.668,0.0,,,1.215,,0.65,2.776,0.0,,,2.035,,0.717,0.819,0.0,,,0.194,,0.738,Not Available,0.0,,,Not Available,,0.726,1.168,0.0,,,0.737,,0.52,0.797,0.014,,,0.472,,,,,,,,,,,,,,,,,,,,,,,,,,,,,,,,,,,,,,,,,,,,51.84,46.1469,63.57,,25.64,,42.9959,,65.63,55.7832,79.64,,45.94,,55.2712,,63.11,54.8796,74.05,,39.82,,54.6173,,79.83,75.7303,87.97,,62.41,,69.6671,,79.42,72.6168,87.71,,53.5,,69.4904,,87.23,88.1042,92.21,,66.92,,85.7745,Not Available,Not Available,,71.66,63.0781,85.39,,36.31,,56.8756,,65.52,56.7413,81.22,,40.4,,48.7638,,,,,,,,,4.1,4.1,38.6,,3.2,,,175.0,25965.0,28642.0,23632.0,213.0,17735.0,19219.0,16295.0,113.0,22021.0,23686.0,20404.0,177.0,19619.0,21311.0,17920.0,12.9,0.9,,158.94,2.8,9.1,12.5,13.1,,,0.18,0.05,,1.45,,2.79,19.3,,0.62,2.92,6.08,3.79,0.61,3.62,3.0,,,,,,,,,,,,,,,,96.0,47.0,57.0,103.0,,,,,,,,,,,,,100.0,54.0,98.0,55.0,,,100.0,72.0,,,,,,,,,,,100.0,11.0,69.0,3866.0,,,,,,,,,,,,,,,,,98.0,319.0,1.0,17065.0,,,,,,,421.0,22.0,,,202.0,441.0,,,,,,,99.7,3224.0,,,,,,,,,,,,,,,,,55.0,40.0,79.0,14.0,83.0,103.0,88.0,48.0,,,,,,,,,,,,,,,,,,,,,1.0261,14.8983,207.0,33.0,15.2876,1.1547,12.3685,54.0,11.0,14.2823,0.9227,20.3041,114.0,15.0,18.7346,0.9536,21.5332,288.0,56.0,20.5334,1.0818,4.4425,,,4.806,1.0086,16.5374,224.0,38.0,16.6801,,2.035,,,0.472,,,1.215,,,0.737,,,0.174,,,,,,0.0,,747,21,88.0,88.0,76.0,73.0,87.0,78.0,78.0,75.0,82.0,81.0,,70.0,6.0,24.0,78.0,4.0,18.0,66.0,7.0,27.0,65.0,9.0,26.0,73.0,6.0,21.0,80.0,4.0,16.0,71.0,7.0,22.0,67.0,8.0,25.0,49.0,19.0,32.0,44.0,19.0,37.0,54.0,19.0,27.0,56.0,24.0,20.0,70.0,11.0,19.0,42.0,37.0,21.0,13.0,87.0,14.0,86.0,12.0,88.0,52.0,7.0,41.0,54.0,9.0,37.0,53.0,6.0,41.0,47.0,6.0,47.0,54.0,17.0,29.0,47.0,18.0,35.0,15.0,31.0,54.0,9.0,55.0,36.0,,,,3.0,3.0,2.0,3.0,4.0,2.0,2.0,2.0,2.0,3.0,3.0,,252.0,18.6,22.0,15.7,1905.0,14.8,15.9,13.9,180.0,18.1,21.4,15.2,71.0,17.5,21.6,14.1,114.0,3.8,5.6,2.5,,,,,184.0,14.3,17.4,11.8,43.0,11.0,14.6,8.0,317.0,7.7,10.4,5.7,184.0,14.6,38.1,-5.4,176.0,48.0,252.0,3.7,29.2,-18.4,221.0,65.0,180.0,33.0,63.4,7.8,172.0,52.0,11.1,14.2,8.6,2213.0,15.5,19.7,12.1,685.0,0.9,1.2,0.7
69,330136,BASSETT HEALTHCARE,10,2023,0.918,7214.0,,6.0,6.534,,0.372,1.91,1.964,,15.0,7.636,,7522.0,1.141,3.167,1.935,7.0,3.617,0.846,47457.0,3.828,0.783,14.0,17.881,0.446,45684.0,1.283,193.0,6.0,5.419,1.107,0.449,2.303,,29.0,0.0,0.244,,,Not Available,44.000000000000,0.0,Not Available,Not Available,0.0,11.000000000000,Not Available,Not Available,,,,,,,,,,,,,,,,,,,,,8.0,0.027428,0.032274,0.019779,8.0,8.0,0.021463,7.0,0.866548,0.881192,0.885499,0.0,7.0,0.879516,7.0,0.968747,0.967755,0.97962,7.0,7.0,0.977007,0.0,0.919769,0.923594,0.936349,0.0,0.0,0.914453,0.0,0.881939,0.869118,0.906798,0.0,0.0,0.871635,,0.840138,0.846668,0.871741,,,0.819474,,,,,,,,,,,,,,,,,,,,,,,0.0,0.98791,1.015605,0.844806,0.0,0.0,1.052036,,,0.589,0.668,0.0,,,1.215,,0.65,2.776,0.0,,,2.035,,0.717,0.819,0.0,,,0.194,,0.738,Not Available,0.0,,,Not Available,,0.726,1.168,0.0,,,0.737,,0.52,0.797,0.014,,,0.472,,,,,,,,,,,,,,,,,,,,,,,,,,,,,,,,,,,,,,,,,,,,51.84,46.1469,63.57,,25.64,,42.9959,,65.63,55.7832,79.64,,45.94,,55.2712,,63.11,54.8796,74.05,,39.82,,54.6173,,79.83,75.7303,87.97,,62.41,,69.6671,,79.42,72.6168,87.71,,53.5,,69.4904,,87.23,88.1042,92.21,,66.92,,85.7745,Not Available,Not Available,,71.66,63.0781,85.39,,36.31,,56.8756,,65.52,56.7413,81.22,,40.4,,48.7638,,,,,,,,,4.1,4.1,38.6,,3.2,,,175.0,25965.0,28642.0,23632.0,213.0,17735.0,19219.0,16295.0,113.0,22021.0,23686.0,20404.0,177.0,19619.0,21311.0,17920.0,12.9,0.9,,158.94,2.8,9.1,12.5,13.1,,,0.18,0.05,,1.45,,2.79,19.3,,0.62,2.92,6.08,3.79,0.61,3.62,3.0,,,,,,,,,,,,,,,,96.0,47.0,57.0,103.0,,,,,,,,,,,,,100.0,54.0,98.0,55.0,,,100.0,72.0,,,,,,,,,,,100.0,11.0,69.0,3866.0,,,,,,,,,,,,,,,,,98.0,319.0,1.0,17065.0,,,,,,,421.0,20.0,,,197.0,353.0,,,,,,,99.7,3224.0,,,,,,,,,,,,,,,,,55.0,40.0,79.0,14.0,83.0,103.0,88.0,48.0,,,,,,,,,,,,,,,,,,,,,1.0261,14.8983,207.0,33.0,15.2876,1.1547,12.3685,54.0,11.0,14.2823,0.9227,20.3041,114.0,15.0,18.7346,0.9536,21.5332,288.0,56.0,20.5334,1.0818,4.4425,,,4.806,1.0086,16.5374,224.0,38.0,16.6801,,2.035,,,0.472,,,1.215,,,0.737,,,0.174,,,,,,0.0,,747,21,88.0,88.0,76.0,73.0,87.0,78.0,78.0,75.0,82.0,81.0,,70.0,6.0,24.0,78.0,4.0,18.0,66.0,7.0,27.0,65.0,9.0,26.0,73.0,6.0,21.0,80.0,4.0,16.0,71.0,7.0,22.0,67.0,8.0,25.0,49.0,19.0,32.0,44.0,19.0,37.0,54.0,19.0,27.0,56.0,24.0,20.0,70.0,11.0,19.0,42.0,37.0,21.0,13.0,87.0,14.0,86.0,12.0,88.0,52.0,7.0,41.0,54.0,9.0,37.0,53.0,6.0,41.0,47.0,6.0,47.0,54.0,17.0,29.0,47.0,18.0,35.0,15.0,31.0,54.0,9.0,55.0,36.0,,,,3.0,3.0,2.0,3.0,4.0,2.0,2.0,2.0,2.0,3.0,3.0,,252.0,18.6,22.0,15.7,1905.0,14.8,15.9,13.9,180.0,18.1,21.4,15.2,71.0,17.5,21.6,14.1,114.0,3.8,5.6,2.5,,,,,184.0,14.3,17.4,11.8,43.0,11.0,14.6,8.0,317.0,7.7,10.4,5.7,184.0,14.6,38.1,-5.4,176.0,48.0,252.0,3.7,29.2,-18.4,221.0,65.0,180.0,33.0,63.4,7.8,172.0,52.0,11.1,14.2,8.6,2213.0,15.5,19.7,12.1,685.0,0.9,1.2,0.7
